880 INDEX.

1111 11111110111111. 8. 1. lm· 0111 10, 813 11111, 18. 111111 num 8110, 10

421 801821. 8011. 18, 11 1111180111. 8. 1181
11111111 011. 11. 1118 luce· ⁸· ii. 8. 1· 1. 11 imo 0111101. 811101
11111 00. 11. 1, 10. 801. 1. 1, lum effi 'es 8. 1. 8, 80, 81 lusum stomtchum 8. 11. 8, 0
. 81. 8,11. 1108 luguen 0.18,18 111111811110. 801118,
ledat 811181 1110111111 0111111181 81
ledat P. 108 hugum 8 .8,18. 8011818110 pom 801. ii. 1, 118
ludentem 0111. 18, 18 11001100 11ος 11,110 .. 111100111118. 10, 10. 11,
ledere 00. iii. 21, 00. 8.1.1, ingundam 1111 01111818 0; 11. 1, 10. 1, 88. 11,11. 8.
¹ 00110181ἰί 1 m 1112011οἒ ι00010411, 11 5 iii. 80, ³2.st 0, ῗιθ, 18. 801111,
Ε lmus 1 ¹ 1 ² ’ v 1
11011111.1.17,8;11.1,10 1111011011 811180 1111118 .18,0
110101011188 111101100011110. 801101111οη 01111110
laeli 8.11.1,18 1111111101.ιιι.11,1 111111 80. 0, 01
laelius s, ii. W 111111 Ε 11,1,11 latent 0111118. 110.1,11.
1111111101 8110, 00 hon on 011118.. 0,10
1101111011 0111181 11011111 8 .8,01. &MD 1111111111 01111010
1111111111 001811 lapidem 1111111. 8011111110111011. 11, 0. 81, 81.
leserit 801. i. 80,1 818 .. Ρ. 181
imo 8. 11. 1, 01. 801. 11. 111οι011 01111. 11, 8. 81, 18. 11111111 00. 1. 0, 81

124 80, 80 ; 11. 18,·11. 8.111,111111111180.11,10. 8. tm
laestrygoni· 00. 11110, 81 88 laten 811180
mura Ep. 15, 8 1101οο111 810,οΙ 1111111 8. 11. 8, 85
11111 00. 1. 85, 11, iii. 81, 8111011111 1101. i. 10, 10 111111 111 bene 8 1118, 0

mv. 8.11,8 110111118.1.8,80 1101111111,
letan 00. 1. 81, 0; 11. 0,18 11011 00111. 111. 81. 0, 1101111111111111111 818, 88
lemur 00. 11. 10,1 1110111111 00 11118 1111101110. 8.18,81.
111111 0111. 10, 11 ; 101, 18 1110111111 00. 1. ’1118 801. i. 1,0
letitia 0111. 8.1 11011 0111. 10, 18 latino legi· 0111. 11, 1
11111111011811. Ρ.188 11011101011111 00.1.11,11.1.1111111.1,1. s.i.1o‚n
1111111 8. ii. 0,10 8.11.8,18 .. 11111111 111. 10, 80. i. 8,
1111181108 laqueata 011110, 11 18.1,10. 10.88; 111118
1111110111 00.11.8,11 laquei pretium 1111. 2,oe latino 1110111100.11.1,80
1111111 00.11.11,80;111.1,81.1101111 01111218 tatinum 1111111 00. 1. 88, 8 ;

80810. 8111111 11111111.1,11.1.11.1,111. 111118

letus 00. i. 8, 10; 11. 10, 8ος 01. 1. 10, 81 latio 00. 1. 18, 08; 11. 1, ss·

iii. 111. 11,1. 11,11, 11. nqueo· 1 ι. i. 11, 11 1101. i. 11,ος 111, m
0, 81. 80. 0, 8. 8. 11. 8, 1110111111 011. 18, 81 latior 8800
m 1 11,1,11 11,11,11111111111.1.1.1,11 11111 01.1.11,ι1;111.ιι,1
00. 111 11,1,111 ludo 8110, 01 mitatem 01111. 18, 10
1111111111. 10111111 1111011. 11,11;111.11,ι1.1.111111 01. 111, ιο. am
loevoedextmoonourrit 80111. 811111. 801.11,18.1, 8011111181. Ρ. m
mm 08 1111111 00. 11 2, 0. 118, 1111,
leve 801. i. 1, 08 bue· 00. 111. 88, 1. 80. 8, ⁰6. 0. 8. 118, 118
11111011181101 10, 10. 0. 8. 80 111101 01181, 18
11111111 8. 1. 0, 10 Imm 8. 1. 8, 00 3 11011. 0, 1111101101πο 00. 11. 0, 81
1111111118.1.0,12 ⁰6 unammstnlstflitae,
1111 lucerio 8. 1. 0,11; 11. 1, lug· 1111 01111180 18
1. 80111,οθ large 11001111 00. 1. 0,0 1111111111 sm, 18
lovum 00. iii. 80, 0. 8. i. 8111011111 801111, 10 lum· 8. 18, 180
188. 801. i. 10,1 1110111 81811 1101111118.11.1,80
111111 00. 111. 8118. Ρ. 801 1111111111011011111111 11111111 801. 1101
110111 utinum ⁸2³· 0, 118 111011 00. 11. 1, 18. 8, 00. 80. nuent 80. 0, 08
maffflfffi‘ffl'sskffl 111111ῗῦ111, m {iffi‘sff‘i'sff'ffl
lagenis 8.11. 811 1110111 801. 11 8, 810 'tirociniis 8.1.8,188
11 1111 01110011 811888 1110001111 8110, w 11110111 80110. 8011. 2·
nge 011. 110, 10 111011 0111. 18,Ιο latronibus 8. 11, 01 ; 11. 1, 18
1111μ11018000.1.88,88.- laribus 0111. 0, 81. 11,1,111111111 81100
1111101118110 0113111101 11111111111111801.118.18
lma 8010. 18, 10 1101801118,οΙ lutum 00. 1. 18, 81. 818,
lumbers 8.1.0,11 111111111ωο1. 00.1.1,11 80. 088. E 11188
11111111 00. i. Rq 11111818,οΙ 111111 80181 8.ί. 8, 118
lamentamur 8 1111881 11111111 810110 111111 8 .1,0
huin 0118118. 80,1. 8011111110 01110,8; 111188. 1111111 ,11111 801118,
i. 14, 0. 80810 8. n. 1, 00. 80111. 8, 810. 88
lamia 01111. lm P. 101 11111 nudum 00.1.11,1. fl.
1111118 Ι. 111180 11111101 000111. 10, 18 1ος 11.1,18; iii. 10, 80. 81.
11111111 111. 8,8 1111010101 18, 8. 8. 1. 8, 88. 80, 0. 8181. .1,8.
lamo 11111110 00.111.11,1 181 10,8. 1188. 8. 18, 08. 8,
11111 00. 111. 0, ffl. 8011. 18, 11111111 00. i. 80, 80 00 ; 11. 8, 108. 0,81. 8011.
10; 11,1,811 11101101 011. 11111 0, ΜΙ. w 10,1

 

