INDEX. 811

homines 8. 1. 8, 181, 11. o, 81, 10110181 011111. 8, 18 11110 st 11110 08. 11. 11, 8. Ep,
71. 08. 80118, 88. Ρ.1101101801108.11.11,87. 811. 1,0
878801 8, 888 hoio 81. 8, 118, 80, 107. 8 18,
bomini 08. 1. 8, 88, 1118181101101811 S. 1. 8, Y> 810.
8180, 118, 78. 11011. horrendus 811888 hujus 8.1.1,11. 0, 80
17, 80 10110181 8.11.1,18 11111111 08. 1. 8, 88. 81. 1,
1101111118.11.1,10,88. 8011101100 011110, 111887 78 , 11. 8, 08. P. ΜΝ
1888 10110181180 humane 01111818. 80111.
1101111111 08. 1. 10, 8. 18,11.11011010110<1.11.10,8 8, 188
81801. 880. 1,88,11.1011018.8,8.8,87. 80111111101111 Ep. 8, 88. 8118,
8181. 7, o. 78. Epi. 1. 1, 7,81.17,80.18,11,88 08
77. 8, 80. 188, 11. 1, 7. horribili 08. 1. 80, 1, 11. 1111111111 111870
Ρ. 118 81. 8. 1,8, 118 11111111 11111 Ρ.108
homo 8. 1,8, 81. 887. 8, 88.1101118108.1.81,18. 81,18,1111111118.11.8,08
880. 7, o. 11. 7,117. Ρ. 1111, 80. 8810, 11.8,88.11111111οΡ.1
tw 80. 181 11110101 08. 1118, 81. 818,
11010111 10101811. 8, 88. 801. horridi 01111 ms 2⁰
1. 81 horridis .1o,8 1111101111 8 ,88
1010111108.11.18,8. Ρ.878110111811 11111. 81,10. Epi· 1111111110 8118. 181
hoosstss 8011111110 11.1,187 1111011810
10101108.11.7,18. 8011111011110111 8.1.1,107 1109010111ι18.8; 1111,
18 hortari 8 1118, 88 00, 11.10,8 8 ,8,17. 17
10101081881. 80111810111118 11.1,60 71. 81. 8100, 1.8,80,88’
110 hosti 1118118. 801.1.11,11111101008.11.8, 18 811,
1010111801.1.0,88,118,88 18 18
1010110 P. 818 hortis 8187 hurum! 011· i· ², ⁸1· 1818
honestos 81808 11110 0811. 11,8. 811818 1180,18,111.18,8
tomum 0811811. 8.1.11011018.1.0,18,11.881 1111101111 08. 1. 8118, 111. 8),
818. 888. 80111881 101111 s. 1188 11
11000108.11.11,0. 8 .17, 18. horum 8. 11, 78. 8, 81, 118, bussi 01111. 8, 11. Ρ. Β
118. 87. 1111, 801. 11,88.8108818880111111181801810
11880. Ρ.100 111,11.17,18 humiles 08111188
botontum Ρ.180 1010811888. 8118081110οω 011111110111.
101011111801.1.1,101 871. 80111180. Ρ. 101 851)
1101010 801. 11. 1, 188. 8118. 10100 1001111 8. i. 1,8 humili 08. 111. 8817. 8818.
Ρ. 71 110100101111888. 8. 1. 8, 8880
1111110101.1.7,1.11.10,14. 71, 11.8,00,118.1,10,17.1111111110818888,111818
80118. 11111111, 881107. 801.1.1,18.7,1111108.11.8,70
1880111178 11;11.8,188. mis 11110108.1.18.80.180
mmm od· 10 η,ωο m, 1⁰3 hfflPihffi 0111111189 bunum Od‘ iii· 'tuh iv· Epaes
11.1,18 8181, 111.Ἇ,81.101011110 .17,10 11,88. 80880. E 111.
8. 1818, 11818. 7, 8810101111011 .11. 810 1,881. Ρ. 110, 180,
Epi. 11.1,18 8, ffl hospitus 08. 1188 humus Ep. 18, 88
honori Ρ. tot hospitem 0811181, 80 huno 08. 1, 1, 7. 18, 8811.
10000101108.1.1,8,1118181101101101 01111. 88. 808, ffi, 10, 011-111000 11010 11-
.1. , 01110 .1. ,
1010111 Ρ. 818 hospitibus 08. iii. 1, 88 1111100110 8. 1. 0, 78
1010111008.1.17,18, 11188 hospitiis 811. 8, 88 1111111 08. 1. 8, 11
8010181. 8, 88. 801.1.18,1101011108.1.8,8 h 11180 S. 188
108. 810 hospitis 08. 11. 188 1811001 081888. 8118,
1011 0811. 18, 88, 111180. hoste 8 1. 1. 10, 87. 18, 80 11
8818, 11. 7, 8. 8181811011011 1111111, 11.1,1810810 08. 11. 1, 81
8,11·11.8,11.81.1.1,11 (18.88. 81810. 801.11]81·1111801.111,10
1101101. 10, 80. 11.1,1 11807 .. Ι 11810010118011881
888 10110108.11.7,18. 801.1.118100108.11.8,18
horn 08. 11.17, 10, 111. 8, 87. 88 0110111 01111188
8.1. 1,7. 8011.18,110,8011181.11.8,88 1101101110 1111181111, 18
111, 178 hostis 8. i, 1818, 11188181111101111 111101 0111188
horsus 811817. 7,118. 1. hostibus 08. 111. 8, 88 Hymetto 0111811
1. 1, 88. 8,11. 7,17. 11, hosticis 0811188 Hyperboreos 08. 11 80, 18
188. 8808 10111011 8.1. 0, 81 11]01010101018.1.8,01
hosts 08. 11. 1811. 8. 11. 7, hostiis 08. 11881
10. 1101118188. Ρ. 180 hostiles 80888
801111 1011011111 hostili 11010 8 111888 1. .1.
110111111801.1.11,8 1011111111Εο ,10
horis 08. 118, 10. tt. ii. 0, 01. hostis 08. 1118, 81. 80. 0, 11.
8011. 18, 18 0, 87. 811. 1, 87 1,,11001110, 08. 111. 11, 10, 80.
101100111188880.8,17.11011111108.1.8,1,11188. 11.17. 811808. Ρ .1.
811888 87,81,11.11,Π 0, 17. 7,81, 118, 87,
bom! 1118177 111008.11.8,18,1111,81.8,110011011 0118888. (ἓ. s.
hsmis (1.111.10,87,11.18, 8. Ep. 8, 8. 8, 88. 1887, 81 ..
18 80, 810. 10001101 0111111, 11

 

