INDEX. 485

611111106Γ111.8,.1 81877, 611111. 8,8 61111111811.1.8,14

141. Ρ.817 dense 6.· 1. 7, 87 61111161106.111.1,11.8,1.,8
(1111161111 P. 448 61111111106ᾨ1.88,17 67. Ρ. 787
0161116111 06.· 11. 7 6 densis 06. 111. 5, 61 61111161 Od'' 111. 4, 1. 81, 7
(11111111 06.· 111. 1, 47 denso 06.·· ιι. 7, 14 (111111111161.1,11.11ρ1.1.
deliquit 81. 7, 84 (11111111 Ο6.·’ ιι. 16, 76 87, 6
6111111811. 8, 878 61118.··11.7,171.8,77 desdendeeetEp 7.7
6111111181.1.,814 611110631.18,18,11.8,,·8 11. 6111116118 .7, 11
6611118111. 1887 8,18. 4, 16. ’1,1181647615. 6111116181117, 11
(1611111861661 8.1.,688.,848,11.,158,6111111)118.11.,115
61777183118177811118, 711517ἰ87. 11,)1.1. 18, 88, 11.61,(,1,618.1.4, 8. 8,)Ι.·11. 1,
delitigat P. 74 61111111 8· 11. 1, 77 describitur P. 18
1111111106.··111.4,84 61111106.·111.87.17,·11.17,611111,1118.ἰι.8,84
1)(111106.··11.8,4 11. 8.·1. 8, 48 6116111118.·11.1,87
11111106.1.81,17 61111611 Epii. 187· 11. 8, 876111111111 P. 86
1111111111 06.·111. 87, 15 6111111831. 8, 88 6111111161,1.11,11
611 11111111 Ρ. 87 611063).5,16,111.16,8 desere 0611187, 7
1111111111 Ρ. 817 deorum 06· .17,6,17.18,6111111·1Ρ.887
Ι)11,111(110(1.1,.78 1488784175777761111118118717Ρ41
6111111118· 1. 786 8,·11.1,86.16,17,111.8,61111110 11184, 44
611161110611.5,17 86, 71. 8,7. 87, 67, 11.8,61111118,).·11.14,17,11.8,
deludet 8.11.5,56 18. 4,8. 7,4.7 8161, 74. 118
demEp1.ii.6,67 16,’8.8.1’6,,86 iiwswmesertior tilla
demes 8 Ι. 1. 87, 88 8,)Ι.· 11. 1, 6. P. 88, 771 deseruit 117, 17, 111. 8,
6111118,1.1.18,74 611106116668884 8881111667
61111181. 6, 77. 17, 74, 11. 18. 878, 11,18,18,81,111.61116111111111106.·’111.Ι,85

8,]88 7,.81 88,16,11. 818. 4,(111161111Ρ.157
611111111106.” 111. 17 67. 8.·· ιι. 48. 16, 88. 7. 8. 78. 8.·1. 5, desideri ,11111111 8,). 17,87

8,]85 171. 7,88, 11. 8, 58. 8,)1.· 1. desideriis 06. 11. 6, 15
61111111106.1.87,7 7, 74. 17, 58. Ρ 877 desiderio 06.· 1. 84, 1
6111116181. 17, 46 61 ,111.11181117,18 61,1611111110(1.1.14,18. 8,)1.
demere 06.·1. 1, 87. 8,)1.· 1. 8, depellere 1.1. 6,78 1. 14, Ι

88 deperdet Si. 4 88 desideret· 8,) 1.· 1. 7, 8
demeret 0(1.“ 111. 7, 48 deperdere 8. ¹: 8, 61 61116118) ιι. 7, 16
demeres 0(1.· 111. 16, 18 deperiit 11,)1.·’ ιι. 1, 47 6111111181191516
·(111111111181.8,46 depones 811. 6, sss desi ueterem 8 1.· 1. 7, 6
1111111118.1.1,.7778,)1..17,61110(1.1.81,,18171761111181887

68 ,11111147 desilies Ρ. 174
Demetrius 81. 17, 77 deponent 06.·1. 76, 18 desilire 8,). 17, 77
(1111111106.11.4,1.7 8. 1.7,,61,,111118.1.1,48.8,11.· ι.1,61111118,).17,48

ffi, 11. 7, 67 desiliunt p0⁰6 11. 17, 16
61111111 011111. 17,11. 8. ι 8 611611161811. 6, 46 6111111Ρ 4

75, 77. Ρ. 187 61,)()11111118,·1.6,86. 8,)1.1.7,611111 06.1.88,11, 11.8,17,
6111111118.1.,886 18 ιιι877164ι114.8
6111111106.1.,.88118..11.,)61(11(1181.,877 1878118887861118

6, 68 61Ρρ11111111111106ῧι.7,11 87
, 6111111118· 1. 8, 67 deprenderis 8.··11. 7, 48 desinetEp. 11,18
6111111118.1.6,188 8,)111. 61Ρρ1111618.1.8,184 61111106.1.86,15

1, 176. Ρ. 461 (1111111151. 8, 171 desipere 0(1.· .¹'' 16, 68
6111116106.·ι1.18,84, 111. 1,61,)111118.1.4,114 6111,1111118.·· ιι. 7, 47

85. 8,)91 11664 61,1111106.“ι.7,7 desipies, 11. 8, 811. 811181,
6111111118. 17, 87 61 1111111106.·ι.87,6. Epis 7
demo (11.1. 1, 46 [1861111 11111 811
0111111111 111.· ι. 16. 18 deproperare 06.· 1. 7, 84 desistam 8. ι. 7, 68

Democritus ,11.· 11.1,184. Ρ..61,11,111118,11.·11.1,184 6111111118· ι. 8, 8

depu 1.·18,)1 1. 17, 76 611110(1.’11.1,111.8.11.7,188.

611111611011111. 8,17 6111111111 06.· 11. 4, 16 8,)1.·· 11. 8 68
demovet 06.11.6, 14 61,),,,11 81. 8, 78 611111116111 06.·1. 7, 67
6111111106.··11.6,14 611111106111681, 11. 15,7(1.11,)11·11Ρ 168
(1111111 8,)1.·’ 1. 8, 147 dere 1111 06111, 88 desperes 8,)1. 1. 1, 77
61111118.1,,687 ⁰66⁶& ii.7,76. Etnldespwoodnmd
6111 8,)1.’· ιι. 8, 87 destinet Od'' 111. 18,5
6111111118 11. 6616 6111 ere 06.· 111. 88, 7. 8,). 17, 61161111 0611. 18, 77
6111111 06.· 111. 7, 88 711> destitistis 06.·11. 7, 87
61111,1106111.16,88 6111,118,1.6,46 1111111118· 11. 6, 88, 817
61111 (1181. 1, 78176. 8, 188. 6111111186. 6, 64. 8,)Ι.· ι. 18, 6111111181. 11,6

8164875688111 11..Ρ487 6116111106.111,8,81

177. 7,.68 18, 64, 11. 6, 78. derisum P. 458 destrictus 06.·111. 1,17

Ρ. 87, 867 61111111, 0(1.··11.6, 17 destringere 6.'’ ιι. 1, 41
61161611116106.11117,8 61181. 4, 44,·11.8,857. 4, 5. 61111181. 4, 184
denormat 811. 6, 7 8,)Ι.· 11. 816 desumit 71111111

 

