808 INDEX.

111811 08111118 11111181 S. 1. 8,1 111111 01111. 7, 11. 811. 1,11.
11181 81ἐ111.1,188. Ρ.101 18111181,1118.811.110,18 1, 10. 1181
1118111.11.8,110 formidolosa 11 ,8,88 1111111 081111, 11. Ρ.10
118111111111111 Ι.1.8,88 1111118111111 8.11.11,18 1111118 1.1.11,80
1111111111 8111, 1ο111118.111,10 1111111 p. 10,8
1111111 .1, 1. 8.1.1, 18.1111111108.11.11,8.Ρ.1 11111111 01111111111
811. i. ,81, ml 1111111111 8. 1. 1, 118. 8, 81 1111111111 011. 8, 10 3 111. 8,
71111111 8.11,81 111111118.118,18 88
11111111 08111111 1111111 8. 1. 1, 80, 81 1 11108.111.18,18. 8. 111,
rolin 111111 1111111811.111,11 7
111111 08. 1.11,1; 110, 8,· 1111111 8.18,11. 1, 75, 11111. 11111111 8. 1. 8, 80
17,0; 11. 1, 7. 8. 1. 1811 11111118 11113118 .118,10 .
231, 111. 81111010. Ρ. 11111 98. 110, 11. 18, 81. 8,1111Ξ1ξ110 .1.18,18. 8,11. 8,
,11. ,80. 8, 0
11111.. 11111 111.. 11. 11. 11, 11 frug-tur s. 11. 111
18111111 881117. 8.11,81.7111118.1.8,10 1111 111 08118, 10; 111. 17,
81111, 81. tm 1111111181.18,1. 8.18,10. 1.Ρ. 178
111108.111.18,1. 8. 11111. 8, oe. 8111. 111, 181. Ρ.Ιο frangit 811188
81111818.17,18.Ρ.8001111111118.1.1,181;11.7,10 11111108.1.11,11.81.17,18
11111 011111. 8,10. 8.1.8,81. 1111111111 8 11. Dm 811.18,81.18,88;111,87.
Ρ. 81 1111111810 .11.0, 1. Bp. 16, Ρ. 818
8111111118.1.8,81 18.8.1.1,18.8,81.1,101. 11111111 lyr· 08. 111, 11
11111111 0111110, 10 0,1. 10, 185 11. 8178818. 1111111111 811118
111111 811111. 811. 1,01 111111, 10 1111111111 8111101. lm
11111111 08118,ος 111. 1, 18. 1111111 8. 11. 1,18. 1, 118. 8,11111111 8.111,18
8111. 18,8 10, 101. 8111118 1111111111 11111111
1111111111 8.11,88 181111 . 1111, 1118,17;1111118.110,88. 81111117
1111118 Ι. 18, 10 111110. 0, . . 17 11; 11111111 8111117
fontium 1111.11,11;ίν.11, 11. 1, 88. 8111111110 111111108.18,1;11.1,81111.
18 11111 Ep. 1,11. 8.1.8,01; ii. 1, 81
11111111 PM 11111111. 881 11111111 08. 1. 88, 11. 8,11. 8,
11111 8 11181. 1118 111111 8,111, 188 118. 81111811, 111, 188
1111,ν1ιΙ 08. 11. 18, 7. 8 donibus 01111110 1111811118.18,111
18, 10. 8. 1. 1111 11. 8, .1111111 011111. 1, 111181011111, 111111.
Ριθ 111111 08. 11, 1. 81,18; 11. 0. 811
1111, 18111111, 08. 1. 1, 01 1011· 111.8,11; 11. 1,18. 11118111 01111181. 811. 11.
11.... 11111 111 1111111. 11118 1, 111

11111111 831. 1. 1, 8 118, 01. 8, w. 7, 88. 811. 1. 1111811 08. 111. 11, 17

Forenti 0. .1111, 16 7,18;11.1,80,101 1111811111 11111111

111111 01111111,1.111,1 fortissima 8. i. 1, 100 1111811 08. 11. 0, 87

11111 08. 111.1,18; 11. 8, 11. 1111111108.111,2. 8,11. 8,11. fraudulento 08. 111. 8, 11
8111118. 8. 1.1,88. 1, 1. 8111. 1107 11111111 0811118111
1119111111·11111118111111. · ι. 11111111 Μ ¹¹⁶
1111113... ⁹· 1, ·· .'.' ¹1¹· 181111...

11111111 08.111. 88, 8. 8.11.8,1111111111 08. 11. 18, 17 111111111108.11.11,81
1811,οθ 111111108.17,18. 11,10.111111111118 ,0,17

11111 8.1. 10801 111, 18 11, 18. 87 , 11; 1118, 81. 18, 1111111111 ,111. ΠΜ

1111111 081118. 11111811. 10, 11. 1, 71. 11, 87. 11 .1, 11111 08. 11. 18, 10
11111111 8. 8.10,18;11.1,1 . 7, 1111118 1111111, 18

rom-bnt 811, 111 .. 88. 8, 61. 11111811. 11,111111108.18,1. 8. ἱ. 1,01;

somn 8111118. 8. 11181. 18; ii. 101, 101. Ρ. 111 111, 71. 811. 1. 1,08
Ρ.0 ι 11111111 0811. l, 8. 811. 8, 1111111 E 11. 10,88,88“

{orm 8111118117 10. 8 .1.1,ω.1,11.11,1;18,1η01111111, 1117,

ἧιῗῖῗῗῗὲιῗωμ η 11111112011111111. 111111111111111111. cm

1111111108.1.88,11. 8. ιι. 3. 7,18.8,118.8111817.Ρ.8181111118.111,18 Ι

108 181 11111 08.18,18. 18,1. 811. 1.
1111111008.118,8 111111111111 Ρ. 100 8,1

1111111 1111111, 118. Ρ. 108 [1111111111 Epi. 1. 11, 11 111111 08.1.11,11; 11118
1111111 Ρ. 101. 1111111118.1.1,1 freto Ep. 0,8
farmani 08. 1. 10, 11 fortunatius Ρ. 108 111111 cineris Ρ. 110
1..11..1111.101.111.11,1 111111111111 8 18, 10 111 ’818 .18,18. 8. 11819.
111111118.1.1,81 fortunaverit Γ 1. 11, 11 pl. 1. ,18. 18,0
1111118111 8.11,77. 81111811111111 Ρ. 11 frigida· 08.1117,8

m 101811 od· 11121481 Ep· λι frigidior BP'· 11 w) ¹³
formidat Ρ.881 . 8. 1. 8, 1. 8,111. apl. 1111113181 081118
111111811111 8 1111188 88,80. 18, 81. 10,8 frigida· 01111111
ramim· .. 111818 18111 8. 11. 1, 80 1ἡῤ8118.11.8,80. Ρ.188
1111111811 8.11. 7,88 1111111 8. 1. 6AE frigora 0111. 7, 0. 8.11.8,18
1111181118.11.7,17. .1.11111108.11118,18 1 ’ 1811,81; 11. 1, fl.

111. 18, 88; 111181. ,811 foveam 811118, 80. Ρ. 180 pl. i. 17, 81. 18, 188

 

