INDEX. 187

00110 01.1111. ct, 28.ο 11,). 18, 0111100101 01.11.17,18, 11. 2, 01100, Bp. 17, 17
15. 8. ι. 4, 47, 11. t, 49. 10 011000 ΕὲιΙ. 1. 2,28

Epi. 1. 7,58. P. 158 0110 8. 1. 10,21 Girumu .1. 80
00011118.11.5,100.0,27. Epi. 01100 11 11111, 1, 21 01100110 111111
12501128 Chium 1,111. 19, 5. 8118, Circen 011. 17,20
certus 01. 17, 28. 1111118. 15, 18 , 01101101 Epi. i. 7, 47
0. 8. 21. 11011175 chlmydem E 1117, 81 circo 811. 8, 188
0011001.1.1,27,111.5,82 0110011008 .1. 1140 01101118.1.0,118
curvi luporum prmdu 01. 11. chlamydum pl. i. 0, 41 0110001, proep. 01. 1110, 11, 88.
4,50 0110000.1.10,1;111.1,0,11 numm. 818, 151810.
ceruice 01. 11. 5, 21 111.1,18. 011010 01. 111. 7, 10. 9, 5. 28, circumagi 8. 1. 9, 17
2818. 2011. 2, 04. 8,84 12 0110001010 8. 1. 2, cccc
cenicum 01. 1. 18, 2, 11. 12, 01101101.111.15,8 circum emit Ep. 10, 51
20. 18,0. Ρ.1 0110110 01. 115, 18 01100111οΕ01.1.10,1
0011101 01. 111. 9, 8 0110111100 1101111110. Ρ. 857 011001000ιυί0ιο S. ii. 1, 75
cervinum ,101Ιο11801. i. 2, 80 chorda P. 818. 850 circumfoditur 11111. 11182
001110 ocior 01. 11. 10, 28- 01101110 01. 11.9,1. S. i. 8, 8 0110100000100110 811. ii. 2,98,
Ep. 10, 81 choreus 01. 1. 9, 10 01
0011110 8. 11. 1, 47. 0, 77 01011110 01. 1119, 25, 11.0,15 circumtonuit 8. 11. 8, 228
cervix S. i. 2, 80 0101110100 01. 1. 1, 81 1100010011 E . 10, 11
001100 01. 111. 12, 9, 11. 0, 81 chorin 01. ii. 12, 17, 111. 1, 25. 01100101οηίοη1 P. 109
001110 01.115, 29. 8011. Ρ.204 0110001010( 01. 12, 84. 811.
10, 84 011010 01.11. 5, 21, 11. 1121 l, 58 ¹
0000110 1110 01.111. 8,4 0110100 011. 1. 4, 5, 11. 8, 15. 0101001 Epi. i. 17, 54
“iiim ω’ t ω’ ¹³³ c. κ’ 0111110 0 10 ορ1 1 ι 1118111188 01
«0111011110,ιο 111. 0, 11. 11100000 10 ’
cessantem 01. 11128, 8. 8011011011οι 8 ,1, 88. Ρ.94 citu 1109, 20
15,8 0110111010 .1. 10, 40 0110101 8.1.8,7
cessamus 01.185, 15 0111010018.11.8,41 0111101001. 1. 15, 15. 21, 1.
0000010 11011157. 10, 40, Chrysippo E 1.1.2,4 81,20, 11.10,18,1114,1
ii. 2, 188 Chrysippus .i. 8, 127 , ii. 5, 01110110 01.11. 121, 111. 1, 21.
000000 01. 111. 27, 58. 8. 11. 8, 287 9,18. 15, 14. 811. 8,105.
155. 11011270 0111011081. 1,82 1101128158
cnut 01. 1. 27, 18. 110117, 0110 Ep. 5, 89 cittium 8. 115, 101
78. Ρ.857 0110110 01.11.7,22 0111010110 Ρ. 855

Ι ’ 000001018.11.7,109 01111180010. 811001,..1101011101011111,

000001011801.12,81 811215 ii. 2, 80. 5, 85. 110111. 1,
cessavcre 80111010 1100118158 202 “
00000111 80111214 cicatricum 01. i. 85, 88 0110 P. 885
canent Od. ii. 1, 28. 8.11.1, 0100010815,οθ 01111 8.1. 1, 107. 10, 81, ii. 8,
81 · cicero 8. 11. 8, 182 47
00001000 E 1. 1. 18, 48 ciceris 8.1. 0, 115, 11. 0, 81. 011100 01.11. 125.
cossium .1.7,81 Ρ. 249 011010 11.17,7
00001101.111.11,ιο 01010100 01. 1. 81, 10 011000 .1. 87, 18, iii. 7, 27.
cetaria 8.115,44 0101111 8.1. 5, 52 811082. Ρ. 252
001010 01. 1. 9, 9, 11129, 88, 01011110 815,οἱ 011010 S. ii. 5, 80. Epi. 1. 15,
11. 2, 00. Ep. 18,7. 811, 0100010 8.11.2,19 29
18. 2, 85. um. 19, 5, 110, 010110 8. 11. 1, 50 01100 01. 1. 2, 21. 8. 1. 0, 89.
14. 8, w. E 1. 11, 10. 10,01001011,)1.112,58 11111158. Ρ. 400
8, 50, 11. 1, . 2, 05, 181, 0100110, propr. 8. 118.οθ 0111 01. i. 825
20⁶ Cicutam, 1001.8.11.8,175 01111110Εο1.1.17,88
001011001.11.0,5 0101001111ιο nocentius, Ep· 011100 jum 11011. 8, 28
Cethegis Epi. 11. 2, 117. P. 50 8, 8 civicum 10111011 011. 111. 21, 28
001 01. 11. 1, 48 cimex 8. 1. 10, 78 civicum motum 011. 11. 1,1
0101108.1.10,4 (1111111001.11. 1, 4. 18, 22. 0111100 01. 1118, 17
011110,0019.8.1. 5, 101. Epi. Epi. i. 7, 28. 11, 88 civilia 8. 1. 9, 89
1.18,0 Cinctum 0111111121 civilibus 1111111. lepti. 1,
0101100,ρὶ.01.11.8,21. Ρ. 0100110 8111110 10
810 cinctutis Ρ. 50 0111110011. 11.15,18, Epi. ii.
01101100 8 Ι.11.1,118 cinerem 1101111111 2, 47
0101110 01. 11. 9, 81. S. i. 4, 0101110001. 11. 8,9, 11. 18, 28. 01110 81. 0, 81
50101189. 1101111811, Pap-16, 11. Ρ. 171 0111110 01112, 51. 0110,
101, 110 cineri od. ii.1‚8 10, 00
0110111111 01.121, 19 cinge 0111181118 civitatem 01. 11129, 25
0101111111 P. 145 cingentem 01. 11121129 civium 01.111. 8,2. 5,21. Ep.
cheragra S. 117, 15. Epi. i. 1, 0111110100 8. 1. 2, 98 2, 7 υ
81 01010 Β . 17, 85 clude 0d.1ii.t,cu; iv. 11, 82
Chia Ep. 9, 84 0101110818, 12 010100 01. 111. 5, 19
011110 01, 11.18,7 circu Od. i. 8, lt). 18, 2. 25, 15, clamabit P. 128
0111 8. 11. 8, 115 115, 5, 11. 1, 0. 2, 80. 811. 01011010 8. 11. 8, 108
chimera 01. 1. 27, 21 ¹ 0, 81. P. 82182 clamantibus 811. 8, 62 .

12

 

