‘INDEX 588

11111051.,.551”,555,15.1111111111111111505.“ἰι.15,5 nocentium 08.iv.8,88
55, 11, 15, 15, 15’, 15, ’Bp 1115551 ,1611115ιο5 ιι. 5,1 mutiqupAA
1557515155115551115111110511555 mmmmm!
87. 5111115115 11111111, 15, 55 1111511151). 1,5,5’5
11111505,1,,,557 5111555555 5,111,,5515 155115η1505,1.58,55
ssp1.1.1⁶„2⁰.1’.1ae 1111105,1,,155,151511,,,5115111105111ψ751’57,,5155,
115511151511506 51,5,,515,,,58555,85 ,,5511,5,55,.11,’15,11
11511105,1,,58’5 87,175,,,5757,1151ο,’ CA. 51 .'sspl.
11105 1,,,1551 Bp.1,.8 5,11111111111111151011, 11. 5’,8 1,,555
545555555571111ιιιῑιιιΕρΙ55 5111110 15,,1011,17,
5’7,11,,,,585151155,7,1ι11151111111ρ1,1,,755 55,,15 ,15’5,5, ,15,
115555, 11,)115551111111110511518 55,Ε,)1”1,5,1115511,
1,,’155155 111ιιι105,1ι,5,,8 1),551 5,155
5155051115 5,11,5,5511111111110111115, 11,,,,77ιιοοῑιιο5· ι, 55,,7 11117,
55115151 51115 5151551176 5,
11151115511515158 ιι111111115,),11,,5551,’1115,55
nidum 01111115, 1111511151 οιιι) 1156111111 noetu’uem 05, 11,,558
Bp!.·1.1o,8 nites 5,1,5,15 noetis 0511115, 111, 15,
1118ι151115,5, 5,1,185 nitatem P. 155 15
1113115,1,5,55855 111110551115511515101111115111111111257
ιιὶςιιιθάἀι,1,58,,511 55111515 1511511115.11,155,’1’),555
155 11111 P. 888 ιιοοῑιιιιιιιιΕ ,5,55
1111105,111,57,55,11,15,111115111115,11,5,515 nocturnam ,1’5, 85
l 1115111111111 nocturnis. 1111155
111 1“.105 1.,5 7, 51, 7, 55, 11111511 5,11, 15, 15, Epist ι. 111111111ιί105,· 111, 16,,5 ιι,Ι ,
1115111, 5,11,51 1155 87
5,57,115,55,555,’1),11111111)1511,111,51,55(3.55151111111511,5.111,5,15157,
1 1 Ι
111 θ’,50515115 55,11, 11,1111111111011,1,1,5 111,,.15551155111115111111,1,,1855,· 11, 5,
,5,111,,·65115,’.’,555 E.11.8A5 78,888
11,’,575 1151111165 Ρ.1111111,ι511,1,65 55511115151).,,555 515,
affixa} 1111711115, ,56 111111118ῗὲ1, ’1’5Ξ5ἔ2111η ,,155 1151111111 5,· 11. 8, 51, 11111,
a} ι ι ιιιιι 11
111 11111 5,1’6,,15 51,,0111111111151111151 1551111151Οά 1185
55 11111105,111,55,5,11,)1,1, nodo 0111, 1155, 15,19,111.
51111155,1,1,515.,5815,58, 15 15,,55 51111155
5, 1111511511, iii. 55, 5111115515111· 1, 11, 18 1155511 Ep1.1.1,81
18. 5151, 1),’5,5’7, 5,1111111 0515115 11550115,ιί.5,7’5
ἰ11,1,5,5’,11,511555111150515111155,15,111)51111ιο5111,51,55
55,,’1155116 88.18; 11,’,’.155 51,.51155111Ρ151
8,,’,7,578555, 156 1155555111 1111111151,15,,,55755
1111 7111-111151 01111157 51,·55 ιι. noli Εὲ11,’ 16, 55, 1158

”1· ιιι 1,.,11111 11,). 11111011, 1111
...ff ι.,.ἰιι,11ρ1.1.”1,ιο ιιιιιιι.ι.·,ι,.11111
1111

,,5
,1
,,511
,’55,

5,57,11,,511111505,11,15 11511105,11,15,,1’,5,11155,
5111111158 51150151585 51111151

111111111ιιι’5,”111, 5, 51515. 11111550111115155 politp 5,1,5,5,15,156, P.
51 11111111 01111, 5, 55 455
1111051 ,,577 5115, 17, 88.;8 1111111510515Α numnam
11,,,55555,111,1’,16,,5555111)1)11105,1,,,15565115111111115165755
17,18. 11111117, 17 81 555, P.187 nollet 1111111115, 111155
5,1,1,55 5165. 558, 57, nobilem oda. 15, 55,111, 15, 1151111151, 6, 75
51151,11’,655, 7155111 15, 11,,515. E. 1155 1511111105,1,’,155 11111, iii.
511,1101)115105.·1,55,15”1,16, 8. 55. 57, 55’, 11, 6,
111111011111111, 11,1156111)1)1115111 PA58 55,8,18,5,57,1,’5’.15 5,
ι)111151105.1ι,1’7 11551111011 .1.5...818.18 ἰ,,,,’·515555511,’1,66.5,
...mmmm 151111156171111575105111615,
1115115051,18,15, 511551, 15.’ 551111 - 55,111,15.17’,’51,1’1,1,16,
1. 15, 55 110111Ιί1111)05,··111.15,15,·11,15,1),55,’,555 888. 5110
5115115115,11.5, 188. 5, 155, 15. Ephi. 10 55 Νοιιιιιιιῑ111115. 18, 11
Ep.11.8,.1 1111, 15,55,1)ο1)1115ρ’.’,,555 ’.51,1,555,.Νοιιιοιιιιιιιιιιιι5 11, 1, 55, 5,
11,”,’5151 - 51,,,415Ερ11.,’.,2151175,524
11111111115,1,5,57,1117,15. 55,15,55;11,”,101,’5,55 Nome’nunu18.i.1,1o2; ii. 8,
88588188ullnobuoum81857 88A5A18

Epl. 1. 5, 55, 7,’51, 11, 165, 1151511111 11, 5, 75 1511111155. 111, 57, 76, iv. 5,
11555555 11055115άί,155 5,,51,5,16,,5105’,11,)Ι,
mmmm081817188881100eb111811188 1,11,551’),58,555

51· 11, 8.18. 18,8,88· 111. nocendi ,585 11511ιί11105.111,51,5, 55,17,
ιιιιιιιιιιέιιιοωιιιιριιιι ιιΗιιηιμμωιιιἙι,
5..ae111'15A...³78n000n10m0811.11,15 11.8,.188 ’11ρ1,’1,,,75516,
Ρ’,,58 55,1, 571 nomam 11151151, 8, 55 81

 

