INDEX.

1111110111ἔο «1111110 ¹⁶¹ “⁵:122¹’s·.}{'0 ι.
Aul-anjam 11114141 ...ιρι 4114111. 1². ιιι ...1111411114
Auressoeossaeffifotim 111· 111111. 11411. 0188. Β, 14 , 111. ..4111111111 '1¹53' 11. 0, 00

,1111110104 1111ζο111101131111011
atq} 11111114141,111111111’ἰ1’11ιι,ι 1111111 1111111111

0, 811. .. .. notorem 81410οι 1111141 04111 Β, 10. 8.1.
1111 04. ιι. 8, 10. 10, 0, 411411411444111141 8. ι. 0, 11 5, 00

1, 40. D, 48. Ep. 10, 0. 8. 1411114111 0411. 14, 15 Ι 11111441 Ep. 1118

ιι. 7, 115 Ι Ι 1441414441 0411. 5,]1, 11. 7, 1111141 8. 118, 107
00111111 111110 ..1101111110 101111ῗί110
111811111ὶὲ ιδιὲ18,84, 4114111446,ιὲ ἱ011. ἑιό. 18,18, 11.0,11ἰ1ὶ1804711.4,0. Epa. 01. 8.
141111. ιιι ιιι.. bd. ιῖ 1, ιι, ιι. ιι,ιι ; ...ἐ (14.1.. ua
1111811855 ιιι. 4, 50. 07, 08. 8, 1. 1111111 4118084148
11111 Εζ1.1.5,81 70, 11. 8. 105. 5, w. 1141. 11. 14111141 815,οθι ..
411141 .ιι.8, 187 0, 51. Ρ.087 1411111 8. ι. 0, 81, 111151.
41111111 04 ,¹⁰ 10, 18 1141 8. ιι. 1,Ι 10. Ε 1. 1. 0, 40 11411. 11188
1111141 11148 144111 011. 1ι1. 04, 1111141144114111
,4111414 3110, 10 ⁴ 118. . 1 111111041114101111105.
Αιηᾱιω 0„- ”0⁴2⁷ 10011111 ΕΡΙο 11 ιθ, η , lic ὓ, &ha-’1⁸³' Eploi· up„ 18,
11111411111111414...11111ιιιι 1111111111 11

8. 11. 1, 58. Epi, 1. ,11. 18, 1411141 11111111 4414141 8.11.4,04

7. 10, 80. 14408 141111 8.ι. 0, 08. 11111.18,00,44114414 0411.0,0
tinum 0411140 11. 0, 148..Ρ. 105 Aufida· 04111. 8110, 11. 14,
1111114.0,15.17,81 14411 04. ιι. 7, 5. 0. 8. 50. 05. 81158
numen οι. ιι. ι, 41 ιι ι. ιι. ι, ιιι, ιιι, ιιι Ρ. nug· ιρι. ι. 1,,11
11111. 1111 ’1111111 ’1111111111 4411, ιι. ι. ι. ι, ιι. 111114111111111. ιι, ιι.

ιι. 11111114 ,ιρι ι. 41. 1111. ιι, ιι ; .ι. ιι. 4114441111.
1111111111 ...111111111111 ..11111 οιιιι ιι, ιι. ιι, ιι
41111044185 144111 041. 18, 10 4414100414118

- 4111111111 041. 110. 1141.1.14411104.111.11,05.10,00 14141401119411, 1ι.0,48.

115 1441144441 0411. 0,45 4, 07. 1141. 1. 0, 0, 7. 1100,
11111414 8.11.1,10 audientem od. i. 0, 07 11. 0, 48
1111141114 811. 1, 10 14411111 1111111. 0, 181 Augusto E 1. 1.18,0
11114111 Ε 1. ii· 0, 04 1411111148.11.5,101.8,88 Augu-tu· 4111811. 5,8
1111411 11411111, 170 audierit 8. 11. 8, 00 ⁴ 11141114 0411115
11114041 84111. 1, 107 · 144111 04. 1. 0, 01, Ἠ. 8118, 11111411 1141 8.1.0,7
11114141 8.11. 0, 80. 11411. 7, 008 1111141 8.11. 4, 45. Ρ. 18

01 audire Od. ii. 1, 01, 111.4,0.1114104111.08,4
41114411 041. 84, 18 8. ἰ. 0, 87, 11. 8, 77. Ep!- i. 111441 04. 11119
11111141 0411. 10, 00 1, 48. 8,8, 11. 1, 100. 1100 11141 8. 1. 4107
Attiou 8. 11. 8, 10 audiret 8. 1. 4, 58. 8411011141 041. 18, 11
Atticis 04.18,0 88 4114111441 8.110,55
1111411 041110, 10 audiri Epl. 1. 10, 00 1114418111011 5, 75
111144118.11.0,07 14411 04. 1. 010, 01111414410414111141
attinent 04110,Ιο 00, 8. 0151 avidus 0111114, 58. 8. 118,
1111411 04111. 0110. 81117 144111414141111 8. 11. 0, 00. 7, 1051. Ρ. ,170 Ι
11111 1111111111 11114 ..1111ιί 11111111111114 111111118111111114, ι.
1111114141 011111. 10, 14 44411 0411. 18, 40, ni. 7, 00, Ep. 1, 18. 0, 58. 8. 1ι. 0, Q·
111111 0411. 0, 87 11. 14, 50. 8. 1. 8, oe. 0, 00, 8, 78
mm 04. 11. 11, 05. 11411. 117,85 1111411414111411141414 04.

l, 78 1411111 04111. 1, 8 111. 0, 40
4141141 811111. 0,157 auditam 04. 1. 04, 14, uita 8. 1. 0, 70
111111 04 11. 0, 1. 8. 11. 8, 80. 1441111 od. iii. 4, 5 111111 04. 111. 8, 50

P· 004 auditor Epl. 1. 10, 80 111111 04. 1. 87,0
1111111118.1.4,00. [1411. 1001441141114 Ρ. 140 ’ 111141 0411144 ,
4111111414 811108 1441111111 8.1. 10, 8. Ρ. 100 mum 04111100. 8. ι. 8, 8.
avaro 0411101111. 1141114411414 0411181. 8. 11. 4, apl. 111,Ιο

15,00,11.0, 104 80· Epl. ii. 0, 07 4414 04. ἰ. 20, 7, 11. 10, 8. 18,
1111441 8.1. 1, 100. Epi. 11. 1, 1441111101. 11. 18, 1, 0 01. 4,.111, 87. 0,(10

m audivit 8.1. 0,18 14141 Ο .ιιι. 11, 10
111141 04111800. Bp. 1, 1111111 8.1.1,04 14111 8. 11. 8, 54, 71. 114111.

88. 8.1. l, 108, 11. 1158, 11111111 8.1.Ῑο,.104 , 1, loe. Ρ. 154 ⁴
1

 

