INDEX. ⁵0⁸

8, 8. 119, ii. 1, 8), 176. 11111811 0111188. Ρ.11,1..1111.1.11,11

mmmm mm 1111
subu!- 011116 1111011. 88, 87, 111.18,16.1111” 0111118. 1111111
muto.. 011111 11111 111011111111111,
1181111111 08. 1817 fecem 8. 11. 8, 78 87
1111 01111118. 11,88,11.1ωο11111 Ρ. 877 11111181189

1188 ἢ 1111110111.11.1,1 111ω18.11.8,889
1111111 0111. 1³,ae 11111 011. 819. Ep. 8, 11.11101118,19,1119 9 18’
11.... 111. 111. m s. i. 1, s. i. 1, 111 111. 11, 11 ; iv. 1118 11μῖ

18. 1111111111,ιι.111111101.111.1,11 8.11. 8, 87. Ρ.899

Lm ι 88 111111 0111. 1188. apl. 1. 8,·
1111111118. ι. 1188. 19, 8111111111 0118119 88. 16, 98

Epl. 11. 8, 88 8111111 08. 1. 87, 19, 11 8, 8. facibus 8. 1. 8, 97
1111111 8. 18, 89 1119. 1111118. 8. 1. 1111111111111 111118
1111111818, 8. Epi. 11. 8, 88, 118, 118. ΕρΙ.1.18,88.111111111811. ,18

18. Ρ. 898 18, 91 1111111113.11.1,111
sanetum 8. 1. 19, 88 Falernis 0111111 11111811 11 .18,18.8.11.8,18.
1111111 8. 1. 8, 86. 8, 7. 1ρ1.111.1111.11.1,11. 111188 8, 78. 1111111188, 111,

1. 8, 88 8111111111 8. 11. 8, 19 818
sanim 01111. 88, 8. 8.1.1,,1111111118.1.8,118 1119811111 up. 8, 78

18. 191187. 1187. 9,89, 11111111 0111118 fastidiosa B .17, 78

81, 11. 18. 88, 87. 1111111. 1111111111 . 18, 81 Ερι.11.1,11111111111 11111819

8, 87 0 187. lg 887 1119811111 01111187
11111118.1.8,78 111111 08. 111. 88, 89 fastidire M. 9, 88. 291. 1. 8,
1111118. 1. 1. 68. 8, 8118118111 08. 111189 11

19, 88, 11111111. 1118. 11111 08. 1111189. 111118, fastidiret 1991. i. 1118

811.1.1,88.9,8,11.8,198 81 1111111118. 1. 1118. Epi. 1.
111111 8.1.8,198 fallendi· 11 1111111188 118
111181181188 11111111 ,118. 18 1111181101111. 1, 88. 111111.
1111111188, 11171 1111111111 8111188. 8111118, 199
saion 0111. 8, 18. 19, 8. 198 1111181111111.8,18

8. 1. 8, 98. 8, 68· 11. 8, 88 1111111 0111119, 111. 1189, 111111 0111. 18, 18
1111111118 m, 11. 1111111. 1111111.. 01111. 111, iv. 11. 1.
1111111811 8.ι.19, 79 11161 8.1.8,118. 111188
1111111811188, 11188 1111111108.11.8,88,11.6,1611111111 ..11. 8,
1111111111 81111189 1111111111 ΕΓΙ. 1. 18, 78 sutum .1. 8, 98
118111111111.1.1,111 11111101 ii. 19, 88. 17,18.1111011.1.18,8.88,17,11.18,
11111181110111. 18, Ἠ. 811189 16, 111187. 9,18,19. 11,

8.1.8,87, 118, 18 111111Ρ.88 Ι, 11. 8, 88. 1188. EM,
111111,1118,8.1.9,88. 1111111111 E 11188 17. 11118. 11188

199. PM 11111 Ρ. 1111 111111 0118181
111111 81181181. 186 111111 0111. 8, 19, 111. 7, 1111111111 111. 111
8108Ιο 811183, m s· 1812, 61 ΕΡ8181 161 wi 181 nun! 188118, ¹9
11111111 0111. 118, 11181, 8. 1818 1111111 8. 1. 8, 111

8.1. 188. 1119 11111 8. i. 191 fateatur 8. Ι. 19,8
111111 0111. 18, 86 falsum B 111189 fatebitur 8. 11. 179
1111111 08. 188, 8. 8. 11. 8, 76 111111 11111. 1. 16, 99 fatente» 81111117
1111111111 111111, 1819 11111 011. 1888, 118 8, 111. fateor 8. ιι. 8, 898. 8,.8. 7, 87
11... 1111. mm 1.12; 1.. 11, 11.. 1111111111 11 11.,1, 11. 1. 111 ·
11111 81111111 188. 8, 118. 1168, ii. 186. 11111111· pl. 118, 188
11111 8. 1. 8, 79, 11. 8, 188, 191888. 8, 89. 8, 86. 8911111111 11111111

818 1. 8,19. 118 1111 08. 11. 1188
1111111161. 8,19,97, 11111111 8. 18, 16, 11. 8,98.1111μ11108.11.18,19

’8, 881, 818. 1117. sphi. 1111111189 11111110111.11,18

1117. 118, 11168. Ρ. famam 111 118, 91. 8. 88,1111μ18.11.8.18,

887 118, 11. 7, 67. 11111118111113111101111188
1111111 Ρ.888 Ρ. 119 1111111111 01111111
111118. 1. 8, 85. 19, 88. 81111. 11111111 08. 181, 18. 8. 116 suigaut 011188

17,]6, 1111181887. Ρ.1111111011.11118,18. 8111111111 0111181

oe, m 18, 88 suto 8.119,68
1111111 Ι. 1. 8, 89 [mom Ρ. 899 Ι satum 8.1.9,89
111111 111. 1886 11111111 01111. 18, 8. 8111111111 11 .18,8
stetim ἔξω 68 1811988 δῖ112ᾸῙᾹ. Pom
11111 8. i. 9, 88 samono E 1. 1. 19, 81 favent Ρ. 1oe
111111811188. Ρ. 887 1111111111 g. 11. 7, 81 1111181111 01818186 ..
11111 8. i. 1188 11111111 08. 1119, 88. 81111111 08. 111 11, 89. 1111 11,
smum s· in⁶0⁰⁵0 ⁶9⁹⁰; iio ι, ὅ ι 1888 1 u

81196. 1111111188 11111111 08. 111186. 17, 16 11111108.111..1,8
1111111111 011. i. 88, 9. 8. ii. 6, 7 1111111111 Ρ. 889 smum 0113011· 888
1111111 8.1. 8, 88 1111 08. 11. 8, 88. 11111119 111111 01111111
11111181 08. 11. 188 1811111111 Ρ. 858 hung P. 888
1111181011111 . 111111111111. 19, 89 11111111 11111118

 

