INDEX. 488

0011010181. 1147 0118100111111 8 01111118 Mau.
001101 11011184 01111111 0111181118 Ι101111. 811. 0, 18. Ρ.
001110οΙ0 011. 1,8 0101111οι0 08. 1. 818 1oe
001111 8011. 148 cypri 011. 11 81 1801 08. 18118. 87, 4.
001011 08.11.8,18. 811101118111180011.1,Ι8;11. 111187
888 ,80 8111100108.11.4,18. ,8
curru 011.1188.88,81;111.010110 0101001 01111. 8180 88. 17, 8188. 811. 8, ’
1411111080. 81010100 0111110. 818 01181011 genti 01118,Ιο
11178888. i. 117; 11. 1, 811111ὸο3 0883816818 01181111 tum· 011117 ..
oum 011111 011 0111111111Μ ⁶⁸3⁶2f1'3} 11118111 1111

011111111110. 111. 0,.1. cmm 01. 11111 11 0811111. 111 1. ι.
.

11111 cyr.. 001111 11. 1111111111 .
σαι-1010111118. Bp.o‚n.01them 01118 11811118, 11. 1 118. .
8. ι. 1,114 Cytherea 01111. 118 1118111448
uniunt 0111. 11, 10 811011 0111114
00111111 8111107 81101 08. 1. 87, Ἄ. 8.1. 188
00110 C. 8. 40. S. 11. 8, 78. 0. 811 8. 11. 8, 84. 8, 888. Epi. i.
801118, 81. Ρ. 418 7,4; 11. 1, 188. 8. 188
eanum Ρ.87 ΒΑ 0111111110. 801. 1. 811 SA. 1, 88. 8, 18. 80118,
101101 011. 17. 84, 4 18, 81 18
00111811 8111181 81 Bm dio 81114 8111 0111181. Meu
001110 08. 111. 84, 84 81 11 08. iii. 8, 8. 8.1. 8, 18. dato Epa ‚ 14. (18.47. 801. i.
curtina· s. ιι. e, 11 01111111 1111
001111 81170 81811001 0111181 8111 80111, 188
00110 811184 81811 111108. 801. 1.7,4 81111101 08. 111141
0111111111 01818111 81811 08. 1. 8, 88. 8, 14. 8. 11. 81111 0111 0118, 88. 11.
00110011118 8,87,80. 8111111184. Ρ. 1, 1. 8111111181
00111081 0108118 84 8110 08. 111. 4, 41. 148. Ρ.
001111 08. 111. 1118 81111101Ι 8. 11. 8, 11. Ρ. 81 81
3311οὲ 1ξωί fid. iv. 1 87 (31101111ιὸ (08111νὲ 1888 (lnam 08. 1117, 17. 8. ii. 1
...ιιι 0,.1,’11 Dacis s. ii. 1, ’11 datur 1110111 1. 11, 111
00110 08. 118, 14. Bp. 10, 81. 01001 011811· 11. N, 18 3 8111. 1. 1, 82,- 118, 178
801. 118, 44 111. 8,14 811011181. 180. 801111
001010811188 0081101 011118 181
01ἷΞ180 8111. 8, 8. 811 1, 33811ιίιέ (ὂιέῗξξν 31110101 331. 111. ἓ, ³⁷ ω ω
0 j m. 0 8,. 0 1 0
0011080 011. 88, 88; 11. 1101101111οο 0111. 1, 10 811188
17. 0111. 18, 77. Ρ. 181 01101 judico 8. 11. 7, 841-10· 81101 011. 818
01111080οι 01111. 18, 8. Epi. 8111111101 01001 01111188
imm 811101 0111810 011118 0100110112114
custodes 011. 88, 8 ; 11. 11 011011, 8. 1. 8, 88; 11. 8, 18 01οι1111 01111, 88
18. 8. 1108. 8, 18 01011110 08. 1. 88, 17 0100111 11. 8, 87
1101108118 11. 188 0101111011811118 01000101118111
1101108101 .11.1,40 Damasippo 8111111884 Davo 81. 10, 40
0011081100018.14,118 Damasippi 811. 188 Davum 811148
00110810, 01118118, 181181 Dnmuigpuu 811 8, 84 01101 8. ii. 8, 81. 7, 8, 108. Ρ..
00110811 01111818 81001 111188. 7,18 114, 887
0011010.1.1148;11.17,80;8101018118.11.8,870 8181108. i. 1, 80-110110
111. 4, 78. Ἠ, 1; 11. 8, 8. 8. 8100111 8. 11. 188 ungui Od. 1118, 81-110. 18,
1. 8, 81; 11. 118. Epi. i. 1, 8110101οι0 011111. 8, 88 4.-010818Ι 1000 Egl. ι. 14,
1111888 8100110101111118 11;»008ι1111101,01.
ἓξ88111888111’’181111118118 1111881111 ι. ι ι.
umbi. 0111111, 0 “ damno.. 0111111101. 1.1...ι.ιιιι’01.ιιι.ι,11
011180 8. 1. 1, 88. 1117 18, 81; 11. 1, 107 808011 0111. 4, 87
cyathos 011111111114 81010010 81810101 aii. 184 818011 Ρ. 818
cyathum 01188, 8 81010οι1 01111. 8, 87. 811. 8, 80801111 8. 1. 8, 87
0 81111101 8 118, 88 800. 80111188. 1188 8081111111 011110
1011811 0 ,111801 iim, 810101 8. 1. 8, 88. 801. 11. l, debemur 116³
14 881. Ρ. 11 80801001 8.ι.8.48 ¹
0 011001 Ρ. 188 010180 od. 111111 debent 81148
yolopt 8. 18, 88. 801. 11. 1 Danai 08. 11. 14, 18, 111. 11, debentia Ρ.48
128 88 debentibus 8 Ι. ἰ. 1, 81
Cyclope Ρ. 148 81081811188 81801011 ,114,18. 801.
Cyelopum 011. 4,7 811801 Ρ. 187 1. 8, 80
cycni 0111. 180 8101 0118117. 81188 80811 Epi. 11. 1, 87
0 onum 0111188 81010 E Ι. 1117, 88 801101οι 81. 188
8121ἑῖ 11· ’13981 8118881111.. 8118118111 11,..
0110800111. ,88 dapem 0111117 8081110 01018188

 

