604 INDEX.

81666061611 , 11111111 Alfi] futur 06.11.2,11. upum
Fuunur 06117, 2, 11. 11, 28 1111111111 611. 10, n 8. 1. 1, 61. 7, 27
8116111 061. 61 furemur 1161, 11. 8111. f· 611111ιῖ111 61111111 06. 1. 7, B.
8116111106.111.7,2 17 16, 6, 111. 661. w, 16. 8.
11161 06. 116, 26 1111666 61111111 11. 6, 170. 6, 60
furorem 16111111 1111111 0611. 16, 27. 1111611111· 061164
81111181261 2. 611666. 6,16 ferrent 6. 11. f, 62
1111111 0611626 ferent Bp. 16, 21. upr. 1. 17, ferventius 8.1. 1⁰.oe
11110111 06.11.6, 16 14 111111 0611. 2, 7. 1661. 11,
frunto 66111267 1111111111 8. 1. 10, 60. Enni. 66
111161 61. 10, 2. npr. 118, 10,66,11.1,161 1111161 .17,62. aaran
66, 11. 1, 26 furenter 8.11. 6, 60 1111161 0 11. 16,ὓ
1111611611661.116,66 Ferentinum Epm 17,6 fervidiore .11,14
16111 111111 0,6 ferentur 1³91. 11.2,112 11111611 06. 116, 111. 26. 8
11111111 8.11.6,201. 1161. 1. 16, 11111 Epf. 1. 6, 26. 7,17 1111166 0610, 10
22 feret 0611, 26, 111. 16, 12. 11111611 0611110
11111118 1168. 7,0 20, 61, 11.1, 16. 861611111611111 . 127
febrium 61660 16. 8.11.1,16.2,76.6,16.11111661 .1. 60, 6. 8.1.1,
11111118.1.6,26 Epf. 1. 7, 21. 14, 26. 17, Ὦ. 66. Ρ. 116
1111118.11.6,66,66.1161.1 mnu 1111111 8.1.6,120
6,10 1111161118.16,66 1111111 1161. 111, 166 ,
611111 06.11.6,21 1111111 0611, 66, 1111,1611111101’11,16;16.11.61
1111100611122. 8.1.6,11111118.11.7,06 21, 16. 8. 16, 160, imm.
06. 11180 11111106.11.6,67 8611160. Ρ.176
11111111 ,1. f, 17 serint 8. 11. 662 166161661106111112
1111181166. 16111616 1111116106.11.0,16 1111111106111η61
1111111 Eur. i. 17, 6. 1660, ii. 1111111161 0611. 17, 62 111161 061. 16, 26. unii. lm
2,100 1111111106.111.6,6 111110611616. upum,
« 1161111111 8.11.6,66 111111Ρ.660 - 60.16,16.10,12
11111111 6. 10, 67 11111 leonibus 1111111. 12. 16, 8111111111 861111, 166
1111111 11611116 10. 1611. ,11602 111111 06111626

fouit S. 1. 6, 126. f, 06. 10, 20, ferit, 1116, 8.11. 6, 276 11111 6. 1. 6. 01

< 116, 166, 212, 622. 6, 66.111111110611.10,11 111111 0611611, 111. 16, 11
61111111. 11116, 166 1116 161111 1321. 11.2,102 1111611 1. 11. 1, nl

11611161 06. 111. 617. 26, 6. 1116111 06. 11166, 11. 2, 61. 111161 ᾗ.

6116261661 161 11111111 1111.7,16.8.1.6,
1111161 Sar-'fu 11161161 0616120 126 .
1111116111 ,1.6, 10 · 811611161621 1111110611962. 816, 17
61ιῖ1111Β 0 .1ἱ10,116.108[1.6,7.1πὲ1106ὶ1ὶ410, 2, 6111111ιὲ11 06ὲ11.6, μίωῧρ. 0,1

2 1 0¹· J 111) a nult 1881 p ’
1111111181.,62.0,12,11.7,6111161 061. 6, 6. 16, 16. 6111111111168111116
1111111 0611617. 11616, 6. 6610, 116, 16, 111.6,11111111111111[11.1.1,66
Η66.. 8.1.ῗὲ12.το,28 ί«16,11.0,21..Ρ.126 11161111 06. 1. Ru. 81111
1111111111Γ1, 11 11111111111111111686 1116011111, nur
11111011 BR. 111, lun, 11111161 8.,16, 61 212, 61. 16, 66, 11. 2 72.
1111106.111.27,16,11.2,66.1111106166,26,11.6,16. Ρ. 166 ’
f 16, 21. c. 8. 66 6,1. 6, 2. 1217, 111. 27, u. 111111 11111, 60. 8. 11. 6, un.
11111111· .111.·1111111661..1116161111
11611661116116111 11111116. anu 1116 .. ..
116111 11660. 8. 1. 2,61 ferrern 1161111627 111161 06.,11. 6, 7. 8. 11. 2,οΙ
Ξῖῗῖἓῗιὲξὲἓιῖο 111111163111111163 .. 111111 61111111 11, 11. 11,
11....,141661611011,οξ..011111’10
11111Ν1611101106.11.12, 1, 11. 6, 60. 6, 0. Ε 6,10.1111106.11.6,21. c.s.sl

111.6,11,11.6,27. 1166, 1666812116, ,1161611668

66. 8. 16, 17 166, 160, 202. 7, 66. sspf. ii. 1111 061. 16, 21. spu. 1. 16,0
111161 06111, 66. C.S.l9 2166 . Ι 1111611116
1111111 06.ἶ 1. 616 ferrum 0612, 21. 6640. 8.1. 11111 8. 11. 6, ffi
'ulfer'fbffffl‘ 1161161. &amm 116166. Ρ.ἓ6111ἑ.62,866ἑ

.11. , nm .11. ,

1111111111 6. 1. 610οι 1111 Epf. i. ΠΜ noro E 1111, 216
111118.1.10,61,11.6,166 fortun, 6. 0,16. 8. 11. 6, 611111 81602. P. 260
1111161166. 11611616. ᾧ, 166. 7,.61. 16111. 1601111 8.11.2,122

16,66έ·11.2,17,00. 6606111111106. 11.6, 10. 8.11.1,11111Ι11118.16,1 ⁸
fnrntur 61611 61Ι 6611661666. 8.1.6,67.
111118ς.6,22 1111111 06. 11. 0, 10 Epium ..
1111111..11.6,106 . 111111101106.11.16,6 1611611]1611,11.ιι.1,162
1111 q. 1. 606. nEff. 1661111101 on. iii. 16, 61. C. 8. 1161]16111161106.1. 611, 111
1121. 10,6,11. ,260 20 7,6.Ε,1.17,67.8.1.6,06

 

