INDEX. 800

tunic· 11. 1, 06 1111101181.17,70 11111011110. 18,1
11111111 ,11.1. 7,00 111111 od. 111. 10,1 111111 8. 11. 1,11
1111111 m, 11. 811. 1. 18, 111 8111. lm, 111,Μο 1111111 111111 81111110
08 Τ11111111118.11.1,81.1,88811111 operum ⁸. ii. 2, 110.
1111 0111. 11, 7, 11. 10, 0. Rp. ’111111 011111, 01 Epi. 11. 1, 100
1,1. 8,11. 17, 00, 71. 81. 71111 01. iii. ⁷AE 1111111 01. 1. 1,11. 18,10,
1, 70, 81. 0, 18. 10, 80, 11. 'rumuli 1111111 11. 1, 80 1111118, 11. 10, 8. 8. 11.
8, 111117. 8, 86. 8111111111 11111. 1,101 1,17.1,11.1,10
10, 81. 18, 81 1111111 811. 0, m 1111 01. 1. 1,11
morum s· i· 7135 tuni. s· i· „rm ¹ ”dno s· 11 91 w
1111 01.11.0,88.11,81 1111 01. 111 1,10. 8. 1. 1, 81. nde 11 1118,Ῑο

' · 1110111111111111, 11111111 11111111

01. 8. 1. 0,00 11111111111.11.1,111 11111 1111. 1.17,Β
1111111111.01.111.1,18.11,10. 111111 01111111· iv. 0, 81. 11111111 11111 8. 1. 1,11
Ep. 1, 1. 1.· 11111, 1,11. s. ’11,111. 11111111111111 upana
11.1,118.8,10 1,101 vn (11.1. 11,1
111111111111111 111111. tuter quo Im 1111. Ι» 1⁸ '¹¹⁴0‘ 0⁶·15M212· ⁸· ΝΛΜ
. 1,10, 11. 101. 118 1111111 811118, 81, 11.1,1 11. 1, 81. 1, 00. 0,11
1111111118.1.1,111 1111111111.11.1,171 1111111111]
turbu 8.1.1,11. 1,118. Ρ. 1111111111 81117 nnumin· 01. i. 11, 0, iii.
110 11111 1111011 01. 1. 17,18 , 10. 8. 1,1,11 8, 81,
turbaret 811116 1111111111 011111. 1,17. 8. 11. 7, 71. P. 111
urb„ 0d·iiin⁴‚4⁷ ” 111 2, ⁴⁰ ,ῳ m„ offiium„
1111111111 81. 1,110 1111111111 tm, 18 11311111 01. 111. 11, 10
turbidum 0111111 111111 01, 117, 0, 1111111311 01.111.11,10,11.1,1
turbido· 01.1111,0 1111111111 vagentur Ε 11. 11, 17
11101118.1.1,11 tntu· 0111110, 0 11. 0, 11113111).
11101111 Ερ.17,7 8.11 1,10,11. 1 .0,117. mim 811. 1, 11
7101111111111118-118,110 Ρ. 18, 108 ugit 111111 01. 111. 10,11
111111 11 AM. 8. 11. 8, 71 tuum 01. 11. 1, Μ. 18111111 011111. 11,11. Ρ.108
turdo quiolss, ⁴1 Μ· Ep·'11¹⁶·
turdo· .1.0, 71 1,111,11.1,
111111 111111 00, 71
ture 01. 1. 10, 1. 86, 1, iii. 1111 01. 11. 0, 0. 1111111. ”flu 0111. 8, 18, 111. 1, 0.
m 11111111. 1,11. 111. pl. 1. 11, 1,11. amma
turgentis 8. 17, 10 17, 11, 1111111 1111 811. 1. 11,1
turget Ρ. 17 Tydiden 01. i. 6, 10 1111111111 Ι. 1. 0, 6. P. 811
1 111 'nh 01. 11. 10, 11, Tydide· 01111188 1111 8. ii. 1, 111. 1,11. 0, 07.
1111111. 11, 4 11111111 od, i. 18, 11 11, 10 ·
turgidi 01111. 11, 8 1 mpano od. iii. 10, 10 1111111 11110
111ς11111801.11, 11 1111ὥξάθάὸί(ἱ 1ἰ7, 18081 1111ῗ1811601.1,71.0,110. Bpl.
ῒ111.11,1“1111.111·11,011111118,1 ’11111111311111111111111 8. ἰ. 111111 8. 1. 1,78; 11. 7, 78, 87. ’

1
1
⁸¹ 12 81ἰο 'Tr od· i· n, ιι· 81 i· θ’
111. 811. 118, 2 ·
1151111111 8. 111, 77

“ tumn 011118. ame. 1,180 111111, 10. 0,11, 11. 1,

1111111108 1111111101111101... 180

mmm 01. lma tyrum 01111, 11, 1111, 7. nient Ep. 0, 08, ot. 8.1.1,
1111111 1110111111, 1,1. E .1. 108 11

1111, . tyrano· 1111111 11111111 1611111. 11111
1111111 om. 18, 11 11111111 0111. 17,10, 11117, 1111111111 1. 11. 10, 10. sp.
1111111111 01. 1. 18, 10 0 . ¹724 ,

1111111111 11111101.Ι 1111111111 011110,οθ 1111111110

tum? i⁵¹.'' {f 1¹² 1’ 11127111 11111111111111 21 ’111Ῐῆ 11111111 1,11
1.0,18,11.1,01. Ρ.117 111111111111111111118 11111 .101,11,11.0,1,11.
turpem 01111, 10. 1111111111 01. 11. 10, 1. 1111. 7,17. 8.11.1,00. 11111.
1,11.10,10,111,107 111180 8,11. 118. Ρ.100 ·
turpe· 0111111, fl Tyrrhenum 01. iii. 11, 1, 11. 11111111 8. 11. 1, 88. 811. 1. 1,
111101.1.11,1.8.1.1,101. lm 10Ι 0 ..
...2 11111111
111118011181ζ1ω 111111011111111111. 1,11. 1,
ίῖιξθέἐυιδδὲ. 117306118ιί V. 3. 1οέ 180 111118, 7. 11,
11, 11. Plau ' ¹³ ' vAcAs ER!- ii. 1,11 nn. 011111τί11111.
111111.. 1101111.. ...111 ¹⁶2⁶
ἭΗΡΗ ⁸' a Ε ⁸' ω bns 11111 {fflffssssffiffi 1111
1111111101.1.17,0 11111111111.11110,11.11,8011111111 111.0,11 ¹¹
11π1100.1.1,11,11.10,11, 1111111 .. 111111111111111111111
iv. 0, 7. 111111 111111 81111110, 11. 1,.81 1111111111 111111

 

