000 ’ INDEX.

11111 0011110800. 8111. 111111 00 i. 7, 1⁰, 81. 8, 11. 111111 011070 ..
1100, 01 111100 7, Ι 5 11110. 001 ιιι. 11111011 0011117. 811111.

11111118.11.8,018 000. 8.1.8,0, 11, 10, 08. 0178

111111 00 11. 1101 11. 1, 0. 4, 0, 80, 128. 01010114. 111111 00111110
811. 10, 10. 1111011, 7, 80, 811. . 1111111111 Ρ. 108

11. 7, 01. 8111. 10, 17. 111110011048.10111011110111811008. C. 8. 81.
80 1. 8010. 8017. 11047 0110011121

1110101001 ii. 000. 7, ntum 00108. 8. 18, 88. salubribus 8. 111, 14
28 81111. 1004 11111 001 00, 10

Rusonem 8. i. 080 1111101111.1,17.1.11,111..1111111111Ε 11100. 1111

rustic· 00 111. 28, 0. 8111. 11. 1111111 00121. 10 11110 810,

l, 140 111111 od. i. 1020. 8180 111. 1111111101 piures 8. 11. 101
rusticius 8. 1. 8, 81 1140. 811. 10, 18 inlaturi 1111118108
1110111111 00111087 mit 00. 11. 14, 07. 8111101111 P. 87
1110111811008. 111117, 0. 8.14,40 1111111 8.1.1,84. 8111110,

1100. 080110. 7,211.111111110011.12,00 27

81111040.188.18,18;11111110011100 1111118111.1.0,10

11080. Ρ. 018 ww 001801ος 111. 10, 0. Sunio Ep. 110
1111111118.11.7,00 2040. 81111. 10, 77. 18, Samnites 8111. ii. 008
ruunt 8. 110184 18 Simon 8111. 11, 0, 01

111111 00. 11. 12, 0 ; iii. 10111111 mentis 010. 41
10 sumimus 8. 1. 007
8. 111111 001. 10. 11 ; iii. l, 07. 1111111 virgines 001. 0, 07
011008. 8111110 8011111101118.111,81

8181818 001208 11. 1, 148. 021 111111110011. 1117

11011110101111118.10,00 ug· 0012121 uncto 001104. 8111. 1. 10,

81111111 811120. Bp. 110811 00110, 021 11. 4, 01

8111111111 ligonibus 00111088 0 motum 11111111011114

8111111100· 1111180 sagacius odoror 811104 · 111118. 118, 188. 8117,

1111111111.ὶ.11,41 81 1118110 20. 010011, 01. 15,ος 111, 004,

81011100 108. 2003111. 41 182. 1200418 ..
147. 811041 81111111 8. 1. 8, 48 unguine 001. 8, 0. 80,2; ιι.

8111111100111014. 8111.11.1111181.11.2,208 1211. 10, 81 111184. 0
¹1¹5 ”811¹ 02¹8 3411318· 22,ss- 8⁹0⁶, ¹⁰·

81811111118.111118 1111111 0011024. 21121 S. ii. 8. 006· 5. ¹⁶

81111111 00 111. 100 111. 4, 72 anguineis Od· 1071 ⁴

Sabinum 001. 201. 8111. 1. 11111111 00111010 sanguinem 0011014
0, 07. 7., 77 11111111 001. 00, 0; 11. 8, 15, unguinis 81114. 1011ι

111111 8. ι. 170 111200 unguis 001. 81, 101 ιι. w,

111111 8. 11. 8, 140 sagittis 0011111 111 0, 10 0; 111, 27 , 05. 0. 8. 00. 8111.

neor 001018. 8. 11. 8, 1111101181.11,28 1080. 0000
181 1 noem ,1040 11118.118,74,240

acerdo- 0011118. 8, 80 8111111111 00112120 1111111 00. ιιι 11, 10

1111101111 81111. 10, 10 81111111ιί11 (1111111 111111111111175

1111101110 00 i. 100 1111 8.1. 10, 4; 11. 2, 17. 4, nnius 00117, 01

uon 00 11. 4, 04. 014. Ep· 74. 8, 87. 81111010 nno 8 1110120
000. 81011117. 8111.1111111118111.117,08 111111 ,18, 88· 118, 218.

· 11111. 1.,111 ..1111111 11111101. iim

111111111001,18,1; ιιι. 18111111 81111101 1111111 8. 1. 0, 80. 8111110,
18. 8117, 8 11111 plutino· P. 271 21. 18, 80

111111 111111 001100 8111111111111111 8111111,Βο 11111114, 181. 044. 0,

11111111 viam 81117 8111111011 001810 081110100100101184,

sacramentum 00111110 111111 8111111211 802. 820. 81111. 1, 8, m

1111111 00. 120, 11 annoto udo 001108 2, 84

1111111000 1. 2, 8 11111111 00 111. 08, 08 unxerunt 1111111. 121

noum 8111. ιι. 1, 40 111111 Ρ.480 1111111 81111040. 4, 0. 15,

111110012020 .. saligno 01000 41110271 11. 0, 128, 141.

1111111 1111110011102 1111111111 0011. 10, 14 Ρ.800

ucri· 1111111 00 11. 10, 0111Ιί110101 8.18, 14 saperet Ρ. 210
811110. 1111111111111111110011102111 1110011111 8111112,

1111141111ἶῖ111ἳῖ1111 011711 118, 8111111111 1218111111 00180, 121 §t S ι 9 Μ

. . ιι. , 1111 .ι.,

1111100 11. 12, 10. 18, 201 siliunt 8. ii. 0, 84 11111118.1.1,88. 8, m, 108,
111. 10, 41 11. 0, 28. 0. 8. 4. 81111111 001108 180. 1110. 0, 101 11117.
01000 8111111111 01048 0, 08. 144. 178, 88. 8 Ι.

1111111001112,01. 8,02;11101111811.17,05 11100. 7, 28. 1080, 81
11085. 811040. 17,07.11111811.10,04. 0110200 1111000
8110110 111111 01108 1111111118.11.8,40. 811114,

1111111 00111017. Ep. 10, 1111110111 S. 1. 000 0. 10, 20

Ι 00 110111101008 1111111101 011085

iaculo 0011. 042. 81101 111111 81 11. 121 1111111111 00. 11. 10, Q 11. 8,

iaculum 00100 mitem 8. 1. 0, 44 48

 

