180 INDEX.

111111 0111.10,10·111.1,80 83 10011. 8 ,8,18. 8111311111 81080 ⁸

11111 011111. Y», 7. 1). 8, 007. 01008311. 1. 1007. 113311 0111. 80, 0. 811. 0. 88.
111111111811181. 1. 111 11118211811111141 1311681111 11. 11, 1 11311.
11011111 00. 118, 10 11111111 Ρ.70 1. 0, 01 ; 11. 1. 7. 0, 188
ardentem C. 8. 11. Ρ.100 Armenii· 00. 1101 npetu 00. 11800

11011111 0111. 11, 10 Armenius 83111. 10, 87 nuperum 011800

ardeo 8311080 11111111 0111. 81,0. 831.Ιο 11311111 0018180 111, 108 ⁴

11011 8311. 1. 1081 88 1131113111 S. 1187
11011 00. 111. 8, 8. 83111,οῚ 1111111111 00111. 011. 8311111311111111111 01111. 0108
11011 8. 1. 0, 80 00 11311111 E .0, 07, 07
110111 00.111.01,11 111111 00. 1. 8,10; 1118, 01. 8, 1131111111Ι 31111100
110111 00. 100103 11. 01, 011; 11. 1108. 81. 01001113111111111 1111188

111. 80, 10 11. 8, 810. 83111. 1,1. 10073 nuperrimos 31011
110111 00. 1111,οΙ 11. 1. 8. Ρ. 100 880. 870 uspersus 8311. i. 11, 18
11011111 00. 1. 8, 87, 1110011111118101003 11. 111. 8, 1131111111 01111. 8, 10
11118.1.1,10. 8311. 1. 1018 88 11311111 8 Ι. 1. 7, 9⁰,oe
1111· 00. 1. 018 1111111111 00. 111, 10 11 111831.1.17,1. 18, 70, ἱ.
, 11111 00. 1.1. 10 1111311 811. 018 ,170 000
,111111 8. 11, 8, 78 11113111 8. 1. 01 1113111111 8. 11. 00
11111 E 11.1,0 1111811080818 1131111011108
11111 1110108 11110111 Ρ. 101 1131111111 S. 11000
111111 od. 1111, 81 11110111 81. 10, 80 1113111111 8311. 1. 100
111111 831. 11,1 1111311 8. 11. 8, 881 1131111100.11.17,17. 8310, 10
1111111 00. 111. 1, 81 11113111 E 1. 1. 7, 80 1131111111 Ρ.001
1111 8.1. 1,01. E 111070 1111311111 .11. 1, (i). P. 170 11111111 Rp. 18,18
11311111 811. 018 11113111111 0111108, 10 111111111111 8. 1. 00

1111 8. i. 1, 11. 1, 88, 118, 1111311111 00. 1. 000 111111 81118. 83111 10, 01,

8, 110. 010. 1131111111 1111131111 (10.11. 11, 10 110, 07. Ρ. 800

nto 0111. 8, ¹3 11. 11,0. 1111311 8. 11. 1, 80. 1131111. 1, 111111111111 Ρ. 100

.1, Ι, 80 80. Ρ. 180 miden 8. 1. 1, 88

1111111 8311. 1. 1,00. 8, 11. 1111111 8. 1. 8,11 11110111 .1,10 0, 80

,17. 1070110181 1111111 E ,110 11110118 .10, 11
11311 011100 1111111 011. 111. 00 1110111 ff . 10, 18

1131111 83111108 . 11ιί10011.17,11018.81111311111831131108. .. ,
1131810180. 8311. 11. 8, 1,0,70 1131111100 11111111111111111111 8.11. 8,

. 111. 1. 111 111111 ,1; 1111111. 11111

,1131111 01110, 00 08. 811081. 8 11011, 1111111111 81018
.113111 01111. 10, 10 11. 1, 00, 001. . 81. 0001111111 810111

Λ131111 01111007 ‘mm 11111 8. 11. 0, 01
1131111111 83108 11111 01111. 0, 8. 15,Ιο 81. 11111111 811. 8, 100

111311 E .16, 00 0, 77. 8311. 1,0, 18. 0, 173 1111111111111 8.11.8,11

,11311 01. 1. 7,0 1,18,100,008 .. 11111111 Ρ. 10
113111100.1.18,7 111111 00. 11. 0, 00. 8.11.1.1111111118311.1.0,88
113111 Ρ. 118 80. 0, 80. Epi. 1. 1, 7. ,11, 1111111111 8. 1. 0. 01

1131111 831. 11,Ῑο 11. 1087 1111111111111 01111. 11,Ιὸ
11311111 8311. 1. 100 1111 8311. 11. 0, 7. Ρ. 811 1113111 00. 1111, 88
113111811010 11111111 01111. 008. 811. 0, ,111 ’110118 ·
113111 00. 111. 11, 81 8. 831111. 1,010 111 3110018111, 12⁵. 8,
1131111 8 1110,οθ 11011111 811. 7,10 0

1131111111 .801 111118 .17,81. 8.1.8,181;111118.1.0.117

1131111 8311. 1. 11, 10 11. 1, g 8311. 11. 018. Ρ. 800 11111111 00.111.7,1

,1111118101 11111111 01111. 1,10.8,0.18,11111 011110181. n, 81; .

1111111131.11.1,111 ’ 01 11. 088. 8311011. 8. 11.
1110100.1.88,10;11.11,0 11111 (1. 8.(11 7,011
111011 00. 1. 8010, 11. 18, 0. 1111 00111. 018. 0, 08. 81. 11111 8311008
Ep. 8, 0 10, 11, 18, 00. 8311. 1. 11, 07 11111111 8311. 11. 1, 171
1110111 01111. 17,18. Ep. 0, 1111 11 1110. 107 :stringitur 83110, 0
87. 811080 11111 111108. 831018 1111111 00. ιι. 17, 08. 831111.
1110111 Ep. 17, 81 11110111 8110818. 1,18 0187
Ariminensem 8 .0,10 111101 8.1. 00 111111 81101811
1111 00. 1. 80, mo 8 11100 1111111111 8. 1. 8, 08
.1111111111118.100 mum 1111110. 007 1111111 8. 11. 0, 08
111111 83111. 10, 11 11 8118. 00 ,11181111 8.1. 078
1111113131 8311. 1. 1,18. 17, 17 1111131111 83311101 1111111 8.1. 1018
1111113311 83111. 1008 . 11111183111.1,100 111111 00. 1.1,1
Α1113113333118.11.8,100. 83111113Ιέ11 . 1. 1,00. 831110011113903131. 1130102111. 87, 18
μ u μ 1 ii· ,1oe
Aristius 8.1.8, 01 111111181080 Athena 8 ,311818
Α1111131111118.1.1,1 11111 S. 1. 7, 01. 83111. 8,0 ,11111111 311118, 81 ς
11111 011800. 80103 11.1111118.17,10 ,11111111 8.11,01; 11118. 3
1. 13 111. 010. 81, 20. 80, 11111 8311. 1. 108 8311. 11. 1, 818

 

