488 INDEX.

611611811126 (1110011ιί.ζὶιῖ ¹ 661661 11611188
6111661 8.1.1, 12. 861.1.17,611ἔ611118.ι.6,47.1161.ι.18,6161601;01.ι114,28. 8.11.7,
61661661 8.11. 8, 180 116111. 611161 E .1.18, 10 66616 811127

1,oe , 6111616 811286 ⁰oe 111 8. ii. 8, 128. mla
6111661 8.1. 2,]80; 11. 8, 6161616661 8. 11. 8, 242 8112

8611. 16,ss ΗΜ 61666 8. 11 8,91 66661661 116118, 196. MS
616616811146. 8611. 19, 616661 8. 132& 66161 86111108

⁴⁷ 6166111118.11.7,60 6166118.19,42;118,81. Epi.
6116161 08. 1. 2,88· 1118, 18. 616111 01111128 1.2,40. 11271 amm.

1116 61611 οιιιιι οι. imm 661, 11. 611116
61661616 omnmo. 8111016861 2611110 6661116618 9,86

15, 16111168. 616666 08. 1. 28, 11 6611666 1. 10, 18511. ln.
olmoren 011. 1. 27, ⁷3 1121066 8. ιι. 8,9 19. 8.1.8,184

a 66661618.ι.8,88 6611661 0111111188. 8.1.8,
olm s. ii. ⁷2⁴⁸ 6666161 011118, 14. 8. 14, 79. 8,4;11.8,178
(1616111108.11.8,4 78 · 66616611 P. 298
olum 08.1,7,1 (3611 011· 11. 1818 661161 01161128
61116 Mamm 08. 1. ss, 6. 0666611 8.1.6,60 cogn 1161111228

8.11.8,27. 11 11. 1169 06661161 8.1.28,88 cogat 11611161
61111 01111111. 14, 75 11. 66666 8. 11.,18, 102 augemus 8.14,148

1⁸, 14 66611161 8, ιι. 4, 60 66 61608. 111. 8, 61. 8. 1. 8, 4.
6111161 01111. 142. 118 66616 8. ιι. 2.,,28 8. 18 611 10, 48
ιιιιιι οι. ιι. 6, ιι. 6661666.. οι... ιι, ιιι mgeriss,i.1‚n

443 (368161 08111112 eugen .i. 18, 76
6111161 08.11.8,19 666661 Ρ. 12 coget ,448
01Πο ces-n· s· 16 ⁰9⁶8· BP'· Οοὸιί 88¹⁸ buain u cogi Bpmnzno ἤιε

1111 61616111 8. ιι. 16, 4; 1ιι.8,1 6661616108.11.8,81
ulmum 116111 1, 160 colones od. 11. 2. 18. 8616661101181118. 111181.
duo· 81866691 ii· 18 ¹⁸⁶· n ⁴9 lm· 66 ,76 m· i· ⁹, ι
6111111608.11.18,29;11.8,81.6616111608.11.7,18. 1161. 1. Ρ.419 ’

61. 611 ιι. 64 oasim 6611616. 1111
61616108. 111. 24, 80. 20, 17. 6113161111 08. 111. 10, 205 11. 2, cogitet 0811112

6666. 16161161. lq. 11611621 ωιιιιι 1161616. 66 ι
681888311118 111611. 6068118818 68. 16101. 8.3“ξ118181.1ι.91,281 1

1148. 8. 1. 2, 47 ιι. 6, 101 6666116166 11 118,Ιῦ ff
6666161161 ιιιιιιι ιι ι ι. ιιι ongum, 11. ,ιιι mue
elme. PM 66118111 .u. 6, 47 666611618.11.6,88
61611166 11661 Ep. 2, 6 66111616 Ep. 18, 68 66 men 8. 1. 8, 681 ’6. 2, 68
elmi· 01111184 ⁰oe100d· 11. 15111118. ,21 1111119
8811111708 P· 4η 113 ffi· 41 l· ὁ11· 231 l} iv· ὒθζὨΟΙΠῙΜ Ε 1. 11. ἦ, 101
61168εὰ6666 01111129 8 29. 116. 6, mo. 1616666666616 181111. 1889
oham. ιι ,ιιι 11, 1. 66616, ...11ιο ω ι.. οι. ι. ,1
61168616 11124. 8110, 6611661 08. 1. 2, 46. 1. ww 66 6168661..8.11.6,107
61188111ιῖ161. ιι, 66 {133 E ,1191111816 ’1 ssflfflb'liffim
eludia 11. 4,78 ι11, 27. ¹⁵! 1 6611111661 08. 1. 28, 2; iii. 4,
0116616106.11.14,20. 11611. 6666661 8· ι. 2, 2 80. 811111

8,2 66661161 81111246 cohibenti· 25111. 1, 266
616686 pede 08. 111. 2, 82 66116111 oms, 17 6611666111 0 11.8,84
61168616 11611. 17, 81 66161161 08. 1. 29, 18 cohibere 01111. 14, 22
6161618.11.8,148. E 112418 66161 8111181 11. 2, 77. 8, cohibet 08. 1. 1, 88
611116610111. 14, 88, 181. 8,1. 11 Ι. 1. 6, 27. 6611611 08. 1. 8, m 11. 1128.
6111610111. 86, 185 111. 24,7 14. 86. 1191878 Ep. 10, 02. Ι. 1. 8,0
6166118.ι.8,181 6166161111 11. 16,84 6616116101111 ,88
61161υ,618.6161μ 66161661· 861. i. 1, 91 cohortem 8. 17, 28
6116111, 618. 61661 omno Od.m. 29,16. 8.11.8, 6611611111 ,1.8, 14
6116111108. iii. 1144. 8611. 8187. ² 66161111 81111616

14,9; 11. 1266 6166616 8.ι. 6, 70, 76; 1ι.7,90. 661661 Ρ. 287
6166161 8. 117, 69 116117, 81, 72· 0611811101
6111616 8 1 6, 88. 8, 26, 28 5 66611661 8. 11. 8, 27 6611 1161. 1. 7, 82

11110 6616661 1161. ii. 1, 110· 0616116 01111118
0116666611 8. i. 7, 6 6611116166 8. ι. 6, 8; 11. 8,18 (1616111 08. 11. 4, 08
61661661 011111. 11,48 6661611661 8111118 0616111611 116. 6, 81. 17, 86
61166108.11.12,16. Epi. 16616116 81188. 261.1.6,206161111116.18,80

7, 76 ; 11. 2, 78 6616616111 8. 11. 4, 86. 11611. 06161161 01112117. Ρ.118
olianta 08.“11.18,8 19, 88 6616681 (18.2
6116616111 1161. 1. 6, 81 6666116116, 11 1. 1 7, 70 6611 08111124
6116611 1161 11. 1104 66661 11611 (f 50; 11. 2, 1oe 66111 01111. 14, 22
6116611661 08. 11. 18, 263 111. 1, 66616161 8.ι. 10,61 66111 0111. 86, 21 ·

11-6116616166,68 66161611 8. 11. 8, 286 6611101111. 12,12. 8. imm

 

