INDEX. 510

1151111 01111128, 15. Ρ. 75 1111118.11.5,07,180. 811.11.115111111181.5,00

1111118. 1. 5,54 1, 18 1151111 011. 1. 27, 10

111111118.48,242 111111118577 115111401.11.5,11. 8. 1. 4,

115111 01.11.2,11 1111111 01.1.1.25 265 11.5,7. 7, 20

1111111111 pur pari Epl. 1. 5, 20 111111 8. 11. 2, 22 115111 8111, 15. 17, 24. 8. 1.

pugnatur 01. i. 55,8 151111 R 1.11.1,125 1. 5, 511. 0, 00. 8111. 1, 44 3

1111111152 111110 11,4.2,58.50,1; 11.],11

1111111 8. 1. 5, 54 11112181 11. 1, 51. 11111, 11511111. 01. 11. 2, 20. up. 1,

1511511 11, 1. 11.-..1, 1ῗ11·.1·1,1·.ἷ·.111;111; 1,5)·’1111115ἱ
163 11.1,44 5200. 8115251.14,55.1151111118.1.2,58

111111ὃ1ἀο1ἰ1.111.6,25 15. 10, 50. 10, 55; 11. 2,212. 1151111 01. 1. 7, 18 .’ 111. 4, 5011

111111(11.1111151111169 'unffi ·¹·.¹⁶ 11111115 ⁰¹ ²¹' ΕΜ

5115111 01. 1. 7, 8. 8.1. 5, 1111111111 811. 1, 5, 50 1151111,1115,8.1.2,75. lom.

1111111118 .16, 50 1111111 01. 11.5,0 11111112, 106

Jupiter .1.2,50.11,4.10,1111111101.11.8,21; 11.4,115111101.111.8,25. 8.1.1,
12.22,20;11.5,18.10,10; 50. 811525 .112;11.5,200. 4, 40. 81.
111.10,8. 10, 01 11. 4, 4, 74. 11115111 Ep. 17, 58 1. 21. 10. Ρ. 108, 105, 241
Ep. 15, 05. 8. 1. 1,20. 2,18; 1111111111 011. 111. 27, 45 115111 S. i. 8, 18; 11. 8, 00
11.1,45. 5, 288. 8111. 1.10,2011115111 01. 1. 2, 41 ·, 111. 7,4; laboribus 01.11. 115595 11115,

111101. 1. 28, 52; 111. 5, 44. 11. 2, 21. 5, 0. 11,22 5. 21, 15; 11. 4, 45. 8 ,5,
8. 1. 5,111; 11. 5, 72. 8 1. 11111111111 P. 240 51. 16, 10. Epi. 1. 18,
5, 25. 16,41; 11. 1, 1011 2,]1111111 01. 1.6, 18. 25,2; 11 115111111 8111502

25174. P. 122, 250, we 12,7; 11. 15. 20. 8.1.2,54; 115111111 Ep. 17, 16
’11115118 154 115105. 811. ,1, .
1111111111 111. 11. l, 10 24
1111111111 S. ii. 6, 57 1511111111 01. iz.

1 55. ΡΙ158151112011.11.14,20. 811,
255 1151118.11.8,10. 8111. 5,
15111181.1.1,14 1111111 011111 57. 81112, 2. Ρ.21

,11118188 phalam ⁸· ΕΝ· iou, 14. 851 2¹· P· mmmm Od· 1· 821141 ii· 131
1111118111.1.1,80 177 58; 11.4,5. 8.11.1,11. Ρ.
1111111811.1.17,50 1511111011.111.0,5;11.4,24. 212
111101.111.15,18;11.11,17. 8. 11. 5, 255. 5, 52. Ρ. 101 115111111118 1111111

8.1.2,40. 0,50. 7,10; 1121111511 01. 1. 16,28; 111. 14,115111 01.1.1 ,12. 8.1. Ι, 08.

110. Ρ.284 27. Rus 4,158
111111115118.11.5,170 15151111 01.111.2,15. (1811511111 01.11.14,2. Rp. 2,
11111111511111ξ3.10,25 45 ’ . 25 .
11111811118, · juventu 01.1.50,7; 11.11,0;1111111811111 01.11.0,15 .
15111111 81115225 11. 4, 5. 8111521 1111111 01.11. 11, 25 ; iii. 5,
1111111518112100 1111111101.1.2,24. 4,10. 55, 25
111111 1115111. 2171 55; 111. 4, 50. 0,.15. 8.11.1,11111111101.1.1,15
11111101.11.8,1. 8.1.1,0.4, 525, 70. 811. 1. 2, 20 [11111111111101.15.1,11

104; 112151. 4, 05. 8111111111 0111111.11,11;1111η11101.111.11,11

151, 550 11.8,7; 111. 14, 9. 15,0. 20, 11111111 011. 111. 11,45
1118.1.5,07;11.1,82.5,72, 5;11.1,8. 12, 15. Ρ, 52, incerare 0111112546

217. 1111412511111. 85500 11111118.11.7.50 ,

12, 27. Ρ. 72, 460 juverint 811240 1111111111111111011.1.25,7
1111111111111111151 8. 1. 5, 81 ; 1111111 811. 4,01. 11 . 1022 11111111ἳ111111 1111111111 011.

11.4,58. 11, 45,οΘ 11111811.2,50.10, 1. Sa. 19, Ι.;111.5,55. .18,49.
11111011.“111.0,20. (1.8. 50. 0,125. 111111. 10, 10 81111248.

8.1.2, 122. 811.1.7,52. 1511111 111111 1111111 11111 8. 1. 0, 74. 811.

12. Ρ.252 111101.111.11,21. P. 124 5516
jum 8 1.1.12,17 « 11111114 01.111.2,10
111111 .17,87 11111111 01. 1. 55,7
1.....11.11.ι,11.1,11 1. 11111111111111
11111 8 . 1,7 11511110111011.11.18,12
1111111 .11.5,55,101,141. Ρ. 1118111188 05111. 5, 45 11111118155

252 1151111 8111. 11. 1, 255 1111111011.11.0,11
jum· 111151. 1111. s, i. lubentes 1111111 nepum· 011. 157,

3» 811 1115111111 8. 11. 1, 15 11111511 01. 110255 11. l, 54.
jum 111111 011. 11. 2,14. 8. 11. 11151111 11111111 8. 1. 5, 82 111111· 1711111 ,

7, 15, 02 ulmi mimo, S. i.1o,o 1111111111 111111 11111 8111111141
11111 111111511111 51. 11,οὓ iubetur 8 11. 245 hegin„ 011158 ,
11114111 8. 11. 7, 05 1151118 1111104 lterum 0558114 ΕΡῘ· ¹·
111111 011. 111. 14,0 1151111 1.1.2,10.15,7.811. 1,οῚ ι
1111151 01112155 ii. 17, 11 i. 2, 43 1111111111 s.1.5‚'8⁰
1111111111 Ρ. 100 11511 01. 1. 5, 55; 11. 5, 5111111111111 0111111
11111118.11.4,86 8.11.2,14. Ρ.201 1111111111111100114115·
juno od· 1· 121543 iiio 7, 2⁴0 lssbonm Od- 111 91 71 8111 ⁸, EP'* '¹¹¹ 15 1⁴³„

8.1.1,57. 5,115. 8111110111 00. 8455 111111 1111111011. ιι. 1⁰, 1⁰
1111111 01. 111. 5, 1. 8. ἰ. 4, 1151115111 01. 1. 0, 5. 17,]01111111118Λ1559

05 5 11. 1, 10 111222. 8.1.4,20 1511111188

 

