040

11111111111 11110 11111111 01. 1. ὕ, 111 11140. 44, 01. 10, 10, 10, 071 111,
111111111111000 1107111100 170. 0, 41100. Ρ.400
1111111111 1110,Βο ⁹ 11111111111111 Pluton· 0111. 14, 7
11111111 01. 111. 7, 01. 0111. 1. 111111111111101.11.14,01 01111111111111011117
114 111111 011110, 0; 11. 10, 04. 1111111 rom 01111. 0, 00
1111111111 m 11111. 11. l, 100. P. 100, 470 11111111 011. 17, 4
plnum 0111111100 11111111 01. 11. 10, 04 11111111 P. 10
11111111 uxor 011114,οΙ pleno 0 111114 1111110111, 10. 17,01. ss.
1111111101.11.10,10 plenior 1107. 0111110, 10;11.11,00; 11110, 10.
1111111111 111104 101 0.14, 0. 11. 0, 110. 0,
1)1111111101)1.110,11 1)111111.01.11.14,0 111;11.0,70.100. 0111. 1.
1111111 0111104 1111111111111 110, 00 100. 1100
11111111 0111. 1. 10, 0 11111111 011110, 00. 0111. 11. poenus 0111. 10, 00
11111110111.14,0 0,10 ι poculum 11110170. 1100
1111111 01. 1. 01101 110114- pleno 01 11. 10, 01 111. 10, 0. 11111111 11. 0,
11111100. 01111140- 14. 0.100. 011. .7,01. 11,111111111111.1.1,11
1111171111101010 00. PM 11111101110
111111101140 1111111111 01. 1. 17, 101 11. 1, 01 11111111 0. 1. 4, 40, 00. 11 1. 11.
11191111111Ψ1Μ ,1101111101 1. ii. 1, ρο1111111ἶ111101101ἶ 1111.
111111110111.0,0 40. 01111010 111. 1. 11401 11. 1, 04,
1111111111 (1100 1)111111110111.11.1,00. Ρ.44 101. 000. 0, 07, 00. Ρ.00,
1111111111 Ρ1111101.11.17,10.1111111110.1.0,0 000. 07010010101110
1011601111111 11111111111 Ϋ11ᾶ1141011-’1ἶ p‘ffefffl‘J 1 111.’1Ῑι11”’
111111111100 0, 00. 0111104111111111110111.1.10,00;110,17
1111111111 0111.1.14,00.17,00. 04. 111100 1110111111 1111ε 17, 10
0100 11111111 Ρ.401 11111111 0111111100. 01117,
11111111 01. 1. 10, 7. 01. 0,111111110.110,01;11.0,00 07. 11100. 0,110
ww· Ρ1111111 .- . Ρῦι1111.. ...
pn· 11. i. 1,ae 11. 111111Ι '¹'' ' ’ ¹'‘'‘ ’511111111111311 n,
1111. 0, 00 1111111111 0111. 11. 10 8
1111111 01 111. 0, 00. 0111. 1111111111 0111114 Ρωῠῠ 0100101081 11110
11111111,οῐ plorem 11111111 Poenorum 0111147
1111111111 0111. 11. 1, 70 1111111 0. 11. 0, 000 Poenon Od. iii. 0, 04
111 11111.. 11111111 ¹› ¹³⁶
1 0 1 om· 1 ¹
111111 11100 11111111 1111047 posta 0111100. .11.1,
1111111111 1.1.7,41 111111 11140. 10, 01 m, 011. PM, -
pluuias 1114 1111101.11.10,1. 0111111111 1111101110, ⁸⁰·
1111111111 0.11. 107 00 11100. 1110. 011111.
1111111111ωο111110111.1.17,0011111111 011100, 10 l. 001. ΡΜΛθῑ
11111111 011111, 10 plum 0 ,0,00 11111111111. 0111110,
11111111111111111 0111114 1)1111111111)1.1.0,10. Ρ.0 10111. 1, 010, 047. RQ
111111 11 111171 11111101110111110.11.0,10 000
1111111 0111111. 4,0 plumbum 011. 00, 00. 111110001041004140· 1111111· l,
1111111111 0.110, 70 11101 100. Ρ. 0111141400
1111111110 1. 11. 1, 00 111111 01. 1. 00, 01 11111011101111111114, 41. 10, 07.
11111111 ,100 00, 00. 0111100. (1.0. 11011 ι .
1111111111,οθ 44. 11171. 107. 1101110111 11. 4, 00. 3⁸1. 21 ¹13,
1 0 1

1111401 11. 1, 100. 0, 41 111, 41, 01,
1111111111 .104 17, 141100. Ρ. 1400 Ρ.000
1111111111 01. m 0110. 1111111111 011114. ,0.0.1.1110111111111101.110,14
140 4,04. 140. 0,101, 100. 1111111114, ·11.0,0. Ρ.
111111011111171. mm 11 ; 11. 1, 111. 1, 11. 1111. 1111111111
1111117111 01. 1. 00, 4. 0111. 1. {aba 01101 ’1.1,100,1)ο,1111211181ἑ111110111.1.7,001
11· .

11... 1. 11. 1. 111 pluribus 11. 1, 11. 11. 111, Polemon 1111111

11111111 11111 Ρ. 070 111100. 111111. 1001 ’1111111110010
Plauto Ρ.04 1010 11111111 111100
1111111111.11.1,11,111 1)1111111101.11.1,01. 1111101111111 ..0, 40
11110οο111110 100. 1111111100 1111111110 .11.0,00
1111011111 0111. 11. l. 100 plurimum 01. 11. 0, 00 1111111111011.10,00. 01101
1111111110.11.0,100 11111111011.7,0 110, 0. 0111111
plebi 01. 11110. 11110 1111111 0,10, 100. 0,14. 0, 7, Pollio 01111, 14. S. 1. 101
Ριώὴ s· 00171 2⁸· ΕΡΙο i· ⁷) m3 101 8, sm n· ⁴2¹³& ι

00. 1107 11111 01. 1. 10, 10. 00, 1; 111. 11111111 01 11.0, 01
11110101.11114,1. 011111, 7,04;11.14,10. 0.1,00. 11111 01. 111. 0, 0. 00, 04.
00 1114141010 0,70, 01111110
1111111111011.0107 1111001111. E .1.0,111110.17,77
1111011111 1117, 100 00. 1110, 00. 10, 0. 17, polum 1111. 0101 11100, 44

 

