INDEX.

(1111111 011. 11, 11. 111. i. (1111111 01111111 edm 01. 11. 1, 11, iii. 1, ³
11, 10 Gamla 04. 11. 808 88

[mu s. 111, 11 cauno ..11. 111. ii. 1, 111 με. ..ιω 01. 111 ’

111111 04. 111, 88. 81. 11,0. 01111111 111 0418010 genunt 041100 l
8. 11. 8, 41 Gelani 011111 0411010 gemelli 8111108

111118.1.1,11.8,4,11 0111111 04111.81,14 guallum 8. 11. 0814

Furia 04. 1. 88, 11 (111111 8.1. 8, 40 genem 01.iv.1²,5

1111111 04111. 11, 11 1111111111 041088 1111111111 0411. 81, 14
8111110110141 em 041. 18, 11 genium 041108 1

1111111 0418014 ’1111 1111111111 ,0,18 geminatum
Furium 8. 1. 8, 48 “uui 1111 1111111 ,1.1, 10 geminis 041108
1111111411 81111011 cutia 04. 11.14,40 gemino Ρ. 141
11111111 8111040 (1111111111 (11.1. 00 1111111111 811. 1. 18, 41
811111 1111. ,188 01111111 04. 1111088 gemunt 04 111. 8004
1111111 04. 11. 10, 8. 8. 11. 8, 111118. 118, 84. 4, 18 genis 811. 1. 804
804 111111 011044 111111 8111. 101
1111111 8. 11. 8, 801 0111118.1.8,181 genum 04. 1118048. 811. 11.
1111111111 8.1. 8, 88 01111111 8.11.8, 41 8, 18⁰
11111111 8110811, Gallos 8. 111, 14 1111111104.11.10,1.811.1.0,18
11111 811088. 1, 84 011111410411.4,4 gene 0411108
11111 041. 15,81; 111. 8018. 01111111 1111111104.11.0,1 em 04. 1. 18, 0; 11. 1, 84
14418 G um 1111111 811. 11. 1, 111110411.14,10
Furius 8.11. 040. 041 'ff 111111 81018. 81001511. 1
1111111100 0111111118 ,1088 000
surm 8.1. 4. 81 0111111111 . 1. 8, 81. 4, 08 generat 04188, 18
furnos 811. 1. 11, 18 garo 81111040 gemm 041. 18, 11
1114νο(1.11.1011. 81081. aurito E 11. 1041 genere 8.1.1,18
1,18. 811. ἰ. 8, 08; 11. 8, 11111111 11. 10, 18 generi 81118088
w 111111 81111011 gemm 8. 11. 4, 01
sumto 04111. 81, 80 garrulus 8. 1. 4, 18. 0, 88; 0111111111104111.1,10. 8.1.
furorem 04 1. 01, 18 , 000. 811. 11000 08
1111111 8. 11. 8, 888 11141 81. 14, 18. 8 110, 10 generosis 8. 1. 0, 84
11111 010180 11. 4, 10 1114111 04. i. 08, 8; 111011111111111 0418081
1111111 041101. 8.1.1,48. 81. 011. 0100. 811. 1. 0, generosum 81111018
8, 48; 11. 8, 880. 811. 11, 10. 18 generum 11 04 11. 4, 18
1085 .. 111411104.111.14,8.8.11.8,11111111 8111081
11111181000110181 m 1111111 04. 1. 88, 8. 8. 11. 1,
furtin 8111, 110 gaudent 8. 11. 8, 08. 811118, 01. 8 1.1. 18, 88
furtim 811. ι. 18, 14 101 geni· 11111104.11.18,8
11111111 811. 1. 080 gaudente· 041011. 8111111 11 0.8.10
furto 041108. 11080 0100811088 1111111 0410111141,
furlum 8. 1. 8, 04. 11. 1. 10, 1114111111 411. 14, 81. 8.1. 110
40 1048 11111111 0110188
furva 04111081 pudentis 8 111018 eninm 04. 111. 11, 14. 8111.
111111 formido 8100 pudorosa, ,1881110018 1, 04; 11. 1, 144
Bm 041804 111411 04. 1. 80,1; iv. 8, 11011111 1111110181. Ρ. 810
8111111 8111101 41. 4,18; 110818. 8, 08. gom 04 1. 8, w,- iv. 4, 88.
811111 8.1. 0, 01. 1088 8 Ι. 11 8, 80 81. 8, 8. 8111, 80
111111 S. 11. 0, 14 .. 11101104.1.4,8.84,10;1111111104110888110801.
11111 8.1.0, 104. 088; ιι. 8, 081. 1018. 8 .8,10. 8. 018
118 11. 0800110. 00. 8111111111104108. 801ος 11.
111111 04111. 0, 41 1, 180. Ρ. 108 1080
11111011 810101 gaudetis 04111. 4,48 11111 0411011. 81. 1008.
111111 811111. 1, 184 111411 04. 1110, 88; 11. 18, c. 8. 41
111111 8.,11. 0 88. 81. 1, 4 81. 8. 1. 8, 40 11. 0104. gentibus 04. 1. 8, ffi3 11081
11111 8.1.8,181 8 1. 1. 11,0; 110188 gentis 0411040. 10885 11.
futuru 8. 11. 11, 44 1114111 04. 11. 11, 14 08
11111111 04. ι. 080 1111118 1. ii. 010 genna 8 ,104
11111104.111.80,80. 8.1.1,88; 1111111 811011 genuit 41111018. 811. 1.
110110. Ρ.118, 818 gun 0411100 10, 48
11111111 04. 1018. 8111111111 041808 · geum 0410088. 081. 14,
01 111141 0411. 8, 11. 811. 8, 18;114,18.14,18. 18, 8ος
rutum 81. 1, 11. 008 804. 1, 01. 8111104 111011. 11, 4. 18, 8; 101,
1111411111 041804 801010. 81. 4, 0. 0 8.
11114111 8 111. 8, 10) 8. 1. 08. 8, 00. 4, 84, 08. 8,
0. 111141 Ρ. 01 84. 0, Ι8; 11. 8, 80801. 8,
. gohdo 04.ι.18,0.81,0 8, 01. 044. 811. 1. 0, 81; 11.
omns 811. 1. 11, 15 111, 1111411 04111100 1,1, 195. 0108. Ρ. 818
81. 08 · 11114111 04.1.1,80;11.8,8’1 11111010118. 8 11018
010111 8 111100 gelidus Digentia 811. 1. 1011111111 04. 11. 4, 8
(180910 -112111 1⁰1· · ι .. germ S. 110 14. 811. 101.
0141111 04. 11. 8,11 Gelam ulum 04118010 11, 88

 

