06. indicates 1116 01161,· 11116 Epcdee‚· C. S. 116 Germ. Soee.,· S. 1116
Satires, Eri.. 1116 Epirum 61111 P. 1111116111. 611 Pisones, or Ars Pociiea.

Τ 66 11611611 Numerare 1116111 tie Bocire qs 6616 61611, and 1116 Aritimeiicai,
1116 Poemr 666 111161.

Δ. 1666161161 Ep. 16, 8 1666611 8. 11. 7, 118. Epi· i.
166111161 81. 3,46 17, 12

Δ 66616 8. 1. 4, 01 16111616 Epi. 1. 7, 60 accedet 0611. 2, 46. 8. 11. 2,
1111661111 1116111161 Ε61.11.1616116616 Epi. ii. l, 114 86

2,4 . abrumpere 06.11.7,27 accedit 8. 11 3,164. Ρ.243
1666661111618.11.2,10 16161611 06. 1. 3, 21 16666611 8. 1. 0, 63
ιδ 66661616666661811. 3, 1113 1616166611 Ep. 16, 36. 8. 12, 16616611 Ε . 14, 14
16 1166 16 1611116661 8. 11. 3, 308. 113 acceperis .ii. 3, 67

3119 1616111616 8. 11. 3, 203 1666611111 8. 11. 6, 81
ιδ inmo 66611 originem 06111. 1616666616 8. 11. 3, 173 1666611 8.11. 3, 226. 11611. 10,

17,1,6 16166106.111.27,67. 8116, 17. 12, 28
ιδ creo 6116661616 06.111.27,68 72. Epi. 1. 7, 38. 11, 21 1666616 Epi. ii. 1. 147. Ρ. 283
16 ignibus 161611 06. 1. 37, 13 absentem 8. 1. 3, 21. 4, 81. 6, 166661611116111 Epi. 11. 1, 234
16 616 unque 16 6111181. 3, 6. 16. 10, 711; 11. 7, 28 16666161 0. 8. 62

7 16166161 Ep.1,18 16661111 8. 11. 1, 26. Ρ. 211.
161611 Ep. 6, 29 absenti· 8. ii. 3, 314 Acci 8. 1. 10, 68. Ρ. 268
1661661161 8. 1. 8, 43 161161 06. 11. 20, 21 1661611 Ep. 6, 61
1661611 06111. 4, 38 1611111616 8.1.3,104 1661618.1.4,14.38’, 11. 2, 70.
1δ11111161661 Ρ. 411 16111 Epi. 112, 1119 mc, 60, 307. 6, 16
1661111 06 111. 16,6 16161166 8. 11. 3, 279 1611161161 1166111 8. 1. 4, 16
16611611611.2,2 161661 P. 112 16616111 8. 11. 8, 67 ·
1661111 Epi. i. 1, 6 1616166161 8. 11. 3, 240 16616111 8.1. 1, 411
abeo 8. 1. 6, 61 1611616161 11611. 12, 7 1661616611 Epi. i. 7, 63
abeunt 8. 11. 3, 246 absterrebitur 8. 11. 6, 83 accipiet 8. 11. 6, 68. Epi. 1. 10,
eben 06111. 18,3 absterrent S. 14, 120 28
16611 8. 11. 3, 218. Ρ. 201 161161 1161 1. 18, 68. P. 362 accipio 8. 1. 6, 68
1661 06. 11. 6, 2 abstinens 06111. 7, 18; 11. 11, 1661611 Epi. 11. 2,162
1661106.1.9,17.16,20; iii. 37 ’ 1661611861.11.2,63
16, 37. 24, 114. Epi. 1. 18, 67. 16111661 Ρ. 170. 370 1661 1161 Oti. 1. 37,17. Epi. i.
Ρ. 370. 1161116616 011. 111. 27, 69 lii, 60
1666616 06111644 ’ 1611161111 8. 11. 3, 202. Ρ. 414 166161661 Ρ. 260
166166 Epi. ii. 1, 36 1611616111 Epi. i. 16, 34 1661111 8112, 114
nbi 0611. 1, 7. Epi. i. 7, 63, abstulerit 8. 1. 4, 1112 Accius Epi. ii. 1, 66

11. 2, 11⁰5 · 16116111 0611. 16, 211. Ep. 6, 16611611 8. 11. 2, 6
abibis 8. 111, 116 66 accredere E 1. 1. 16, 26
1116611166ςί1 Epi-M, 141 absumet 06. 11. 14, 26 1661616616 .262
1666616 8. r. 3, 131 absumtis Epi. 11627 16616111 8. 1. 6, 26
abigit E 1116111 166666 8. 1. 2, 69. Epi. 1. 4,1666611 0611. 12, 18
1616661 61112140 10 16661111 8.1. 113
1611 8.1.1, 108 1666661 8. 11. 6, 89 1661 06. 1. 2, 30;11. 9, 22. 14,
abjicite 861,1.13,7 1616111661 1161116112 13. 116614. 12, 6. 16,6.
16116 Ep. 11, 20. 8. 1. 9,14.166]111116618.1.4,119.8,21. 8.11,68. 4, 46, 61. 10, 43,

Epi. il. 2. 216 E 1.1.13,11 ii. l, 1. 6, 43. E Ι.
thirem Epi. 1. 9,7 6616661111111 116111. 2, 46 2, 29. P. 121
1611 8.1. 6, 14; 11. 3, 60 accedam 8. 11. 6, 263 acerbe Ep. 7, 17
16116 0611111124 1616611 8.11. 6,72 werbe 1661116111 8. 11,6, 19
1616611 8. 11. 3, 321 , 1666611 S. 11. 6, 0 166161 Epi. 1. 18, 96
1666611 06. 1. 36, 22. 166161618.11.2,86 16616616 11611. 17, 63
1616111111 sepiens 8. 11. 2, 3 1666666111 Epi. ii. 2, 211 1661661 8.1. 3, 86. Ρ. 474

1666611 8. 11. 6, 62 accedere 11116140 coercere 66611618118. 10

 

6 111, 1116. ,

