1&

011111 011100

11111111 8. 111. 71
11011111 8. 1. 0, 00

111111 81000

1111111 811. 0, 00. 077
110111111111 810110
011111 8.11.1,1
0111111110 .1. 10. 10
0111111111 [1111. 0, 117

INDEX.

0111 01111,08;11.0,7 0111111111 11111011
11111111 0111.1,0; 11. 0, 111111111 8.1. 010

Ρ. 70 111111111011111 0111. 10, 01
11111111 011110, 06 11111111111οψ1 01111011,
1111111 01 11. 0, 10. Epi. 1. 1114,oe

lm! 111111 01. 11 1000. 100ος
minim 0. 000 111.1,11.11,11.11,11; 11.
1111111 11111011. 01000 016. 010. 1111000. 17,

Cecropio 01. 11. 100 00. svamm ii. 0, 00, ’

0111111011.10,01; 11001011111110111110 7086. 000. E 11011,
16,11; 11101,11.8.10,00. 11111 01.111.0),7.8.11,110. 11. 1, 00, 00. Ρ. 000

11 111011. Ρ. 00
1111’ 011. 1,07

11111. 110171 11111111 Ρ. 011
1111 01111011 centurionibus 8. 1. 0, 70

11111111 01111. 011. 000 1111111111 8110,Ιο oepore 1².oe

1111111 11111. 10,117
011111111 01 10, 10

111111 01. 1. 011; 111001 11111111 8. 110, 10
11111118.11.1,06.Ρ.068 1 ’10110000 11111111,

11111 01. 1. 10, 0; 111. 10, 8. 11111 01. 11. 0, 17, 10 w

81111000
1111 111111, 11. 1017

11111 811. 0, w

oemfflmmmmsffimamfl
1. 111 om 111111. digni npu. 11111

0111111111 01. 1. 00, 7. Ep. 1, 111111 0110000. samm centiupenniu 011100

111111. 007 01111111 1111 011000
11111 nm 01111111 011110001 11111,

mae s. ii. 1, 11. 1ρ1.11.ι,ω111111.1.1,11 11

10

1111111118.11.1,11 11111011100. 8. 18, 00,

1111111 01. 11. 10, 01. 8. 10, 11111111 8. 11. 8, 08 0010

161-1111111 11. 0, 60
01111 8. ι. 6, 01

111111 0110101. 071 1111111111ςί111 Ep. 1070
11111 118. 10 111101111111111 8.1.0,11,10

1111 01. i. 11, 1ος 111. 7, 01. 11111 01. 111 0, 60; 11111111111101111111
011011. 0110110177. 1111111001 1111011111 8.1. 0, 01
0, 76. 11 11000. 10, 10 111111 01. 110, 80 1111111111 811078

11111 Ρ.
1111111000
1111110111 80
mebi· s. ii. 1, 11
1111111 01 111. 1, 10
1111111 01111. 8, 00
11111 Ρ. 108

111111 8. 11, 86

celeberrima 8111. 1. 17, 08 Cererem 0111101,Ιο 111111,
1111111111 01. 1.7,0. 10, 0. Ρ. 10118.οθ

087 01111101ῑῆ111 8. 11. 0,
1111111111 8. 11. 0, 01 11

celebris 011110,οθ 01111 0111018. 8. 11. 0, ἱ

11111101111010. 11111. 1. 16, 101 ,
00 111111 8111111005. P· 100
1111101117, 101 111.1,70.0111111118.10,81

11111111111101.1110,10; 111. 10, 10. 8. 110, 117 1111111 8. ἰ. 001

1011. 8. 11. 0, 178
11111 8. 11. 0, 00. Ρ.010
11111 8. 11. 1, 16

11111118.10,110;11.0,100 1111111 0011010. 100. 10 ,10,0· 11110008.

cambae& ii. 0, 00
1111 8. ii. 081
napo s. i. 111

11111111 011.16,18; 11.7,0.1111118.18,00
10, 17; 11. 0, 00. 1111111, 11111111 0110078
01 11111 01110, 00. 10, 5
Ι· 1

0
1

ἢ.
01
i. 11

11;11.11,ι1.11,111.11; 11111111. 11
...1,11. 111. 11111. 11111 certabitur 1111,
111111 01. 1. 100 eertum 0. 8. 71

1111111181.111,10.17,8 111111101.11108,10.Ρ.001 1111111111 01111007. 8111.

caupona .1. 8, 01
cauponibus 8. 1. 6,1

111111 01. 11011. 810100. 111111 01. 1. 07, 0. 8.1. 8,8 aeramine 0

1111181086 1018 ·
11111 8. 118, 10 1111111111 E 1. 108
1. 11. 11, 17. 811.

111. 111. 1111, 11. 111. 111... 01111111, 111. 1, 11 1. 11111. 111

Ρ.008

01111 111118, 17 111111111111111111 111011

11111 0111010. 8110011111 Ρ.010 1111111 Ρ. 78

&mmmmm

011111 111111 8,1 1111111111 1111111

111111181011, 00. 1111111111 1111111 Ep. 1000 1111111100

0, 0. 1, 0
1111111111 Ρ. 070

111111 01. 11 1,0. 8. 11, 110. 111111 Ep

Mfflfflssstssffl
11111111 ΒρΙ. 111, 10
111111 Ε Ι. 1000. 010
11111 111. 1. 1, 70
1111111 118, 10

011111 11016 1111111 01111010 11101.
censebo 8111211011 0 .11, 18. ssi. 0, 010. apt ,¹
.1.0,6;11.0.00 1. 081. 1011
111111 1111. 10, 0. 6, 05. 0, 1. 111111 hiemo· 01. 1. 10, 00
17, 0 111111 011. 1, 8; ii. 010
censor 81000. Ρ. 171 1111111111 8.1.6,17
censorino 01. 11. 8, 0 certavit Ρ. 000

censoria 8111110110 11111 01. 111, 11. 8.1. 01171 1

1111111 1111111. 0105. 8. 11. 6, 11111 8.11. 0, 1110, 001. ΕρΙ. 1. 110, 100. Ρ. 170

10

7, 60 certemus 11111. 11,1

cautum 01. 111011. 8. 1. 0, 1111111 8. 11. 1, 71. 1ρ1.1,1,1111111.11.1,11

01

10 11111 8.1. Ι, 106

111111 01. 11. 10, 0. 8. 11. 1, 111111 01. 11. 16, 10 certior 01111000
88, 01. 01111. 10 60. Ρ. 11, 111111 equestrem 1111111111 P. 111111 8. 1. 001. .1. 0, 0,

cnm 1111111. 00
11111 8110, 110

080 111, 106. 0170. .0118

0111111111 011108 11111118.11.0,101 1111111,
Centauri 0111. 0, 10 08

 

