INDEX. · 177

11111 00111. 0, 01, 11. 021. Rp. 17, 00. 8.1. 0100, 11. 1110111011 sam. 0, 08120.
80011. 101. 1021 1,8. 2,121. 002 1081, 11078. 110111. 2,
alitem 00112010, 11.1,1 11101101118111110111. 207.
aliter 00. i. 111, 1, 111. 0, 00. 1. 11, 10. 18, 87 11101110 811018
Ep. 11,0. 1101111111 11111 00. 1. 2, 7, 11.2, 20 ambitiosa P. 117
111111 80. 0, 100 11111011 00111010 ambitiosior 00. 1. 00, 20
11111 00102. 81117, 07 ultum 00. 11. 8, 10. 101, 111. ambitiosus 8110100
01111001 Ep. 17, 12 1, 81. 1, 07. 8. 1. 018 1111111111 Ρ. 17
111011 8. 1. 1,100, 110111. 011110 00111. 7. 28. 20, 01 umbo S. 11. 0, 180. 000. 7,02
11. 010 aluere 00.11.2,0 1000011111ιο 8.1.2,1
111011 8 111020 1111111100.111.20,7. 11200 ambulat 810, 71. 8. 1. 2, 21.
aliunde 11011. 10, 10 1111111111 00. 111. 101 1, 00
11111 00. 111. 7, 20. Ep. 11,27.11111101 1101011. 8 Ι. 1181001111 Ep. 1,0
01810. S. i. 1, 111. 2, 80. 1110 01111. 0, 20. 111110, 11001111 80011. 8. 11, 01
0,00. 8111. 11. 1, 210. Ρ. 808 11. P. 010 1100011011 8. 1. 10, 01
110οο1100011 8 . 8, 20 11101, 0111 8. 11. 1, 27 1111001101 00. 10. 11. 25
1111011111 001· ,0 11111101110000 00.111.1011.111111100.111.0,21. 80118,
11110101 80. 1. 20 10110110 8. 110, 20 12
1111111 8111, 02 10110111 0011110, 10. 801. 1. 111111 8110, 107
1111111011 811000 0, 01 11111111 8. ii. 0, 210
0111111141 1111011101 00. 1 010, 11. 0111111 01112.οθ
1111011 8100 10 unet Ep. 1001. 811, 87. 10,
Allobrox Ep. 10, 0 amabiles 00111011 00, 11. 0, 211. 81111. 1000.
alloquiis 11011,ιὸ amabilis 00. 111. 1, 0. 801111, Ρ. 10, 1117
11011 0011. 1, 11. 018. 8.11. 102 1111101 00. 1111, 27: ffi- 1110·
1,10 amabiliter 8 1,11. 1, 118 81100. S. 1. 1,10, 11007.
1111111 00. 1. 2, 12, 1111, 12, 1111101101 80111. 1,11 801. 1. 1, 20. 2, 20
11. 10, 01 110100 (10.1. 22, 20. Ρ. 200 nmen 8.1.0, 08. 1101111, 21
’ 11101101000 1111100100.11.11,01 1111111111 8.1. 0, 10
11101111 00.11.7,7 1111100001ῐά01 011101 11111011 0871
01001811011 amandun Ρ. 018 1111111 0011. 0, 0. 11, 0. Ep.
,11011111 EX. 11. 07 amnt 0011. 010. 811010. l. 2. S. 11000. 801. 17, 12.
11101011 0 ,11. 1, 17. 11, 12 801. 11. 2, 08 10100, 11. 2,1
,111ὶο018110οῧ 1011111111 811109 1111101,101.110.111.2,1. Ρ.111
Alpiumjugtssp.l,ll 1111111118.11.7,110 1111101911. 011110 21, 111.
11111 Ρ.110 10110111 Ep. 2, 07. 801. 11. 1, 8, 10. 81010. 80110, 7.
1111 00.1.0,1,11.11,10. Ep. 171 0, 0, 12. 1011. 7080
1,1. 0, 0. 1002. 8.1.2,101111110111Ρ1110100111101110101010010021.81110,
1001110111 11111100.11.10,20;11.12,10 0. 81. 0110. 8011. ,100,
11111 0011. 00 1101111 81. 008, 11. 8, 01 112, 108. Ρ.5
11111 8112, 10. 07 11111118.11.0,200 unicis 0011. 0, 01. 8.
1111 01110101 8. 118, 10 amum P. 444 4, 70, 185. 000. 0,
11111 S. 1. 0, 8012. 0, 102, 11111111 11110οο11 8. 1. 7,7 1, 70. 010. Epi. 1. 8, 0, 11.
2, 80. 0, 21. 011. 8111.1.111111,11111.8.1.0,71 1,128. 2, 210. Ρ. 100. 012.
0 02. 10, 1. 17,27.18,11.1011111101118110111 120
1, 00, 71. 2, 08, 80181. Ρ. amn 8. 1. 0, 08, 117, 01 11110101· 0011. l. 20
10. 1101110οὲ 1. 20, 0, 111101010001111 81011. Ρ. 100
ulter sor 11101 8.1.1,10 1010. 8.1. 2, 01, 11. ’0, 00. 11111οῇ111111 81105, 11. 1, 88
alten (11.1. 10, 29, 11. 17,0. 8 1. 1. 11, 9, ii. 1, 120. 2,1111111111 0011. 1.1. S. ii. 0,
80101. 8.1.2,101. 8, 00. . Ρ. 000 70. Ρ. 107
00, 81, 11. 1,2. 801. 1. 0, 01. 101111 8517, 20. Ρ. 100 1111111101 801. 11. 1, 270
1010, 110171. Ρ.111 111111 0 ,1112017 1111100 00.11.7.28;10.7,10.
11101111 00. 11. 1011 11111101· 00. 111101. 8. 1. 2, 8.1.2,0.1,00,000,11,11.
1111101011 11117, 07 00,11.0,200. 11011111. 0200. 012 ¹
1111111 01111111 00. 11. 0, 01 208 1101001110 8.11, 20. 8.1.0,
11111101011111121. 801111111010111 00111070. 818, 211002. ,11. 1. 12, 21, 11.
11511111 1¹³ ¹¹‘ 2' ω’ ¹⁷⁰⁹ 101111111Ερ11101 0111111101. 1. 1,10 iii. 1, 11.
11111111 8. 18, 10 amavit 811111 1, 00 Ep. 11, 21. s.1.1, 80. 8, 1,
1111101181.11.1,110.Ρ.81 11011οο1100.11.1,20 01. 020. 1087. 801. 1. 0,
1111111000.1.1,7 · 1010101011 811. 0, 0. 8111. 1. 7, 2100010110 ·
mero 01111004 . 11111011 8ῗὶ1.7,,22. E 1.1.10,0
11111011 0011100. 0.8.07.100118.1.1,20 1111101010 . ι.1. 17,
8110,οθ 11110111 801. 1. 10, 10 11110101 0 . i. 2, 01
ulterutram sspl. i. 18, 01 ambigitur 8011. 1010, 11. 1, 1011011111 801. 1,17, 0
1111 8 11008. 801111,οδ 00 11110111 001118, 12, 111. 1,
1111111111 11111· 8111. 1. 7, 00 ambignum 00. 1. 7, 20 20. 010, 11. 011. 8110,
111101 00111 0,10 ambigue Ρ.110 . 0. 8.ι.0,70. 1,8 0 00090.

1
1. 0, 00.
70, 11.

111110011018. 1101,11.ω11μοο1.11.1,11 8011. 222,- 11000. ,8Ι.
· 107. 1017. 17, 70 10, 28 8, 00. Epi. 1. 18, 2, 101.
111101 0011100, 2. 8.1. 00 11110111 81111010 120100

1110 00.,111. 12, 10, 11. 012. 1111011 00. 1. tm 1111100111,101. 00.11.17,2

 

