INDEX. 000

1111111101. 1.17,183-03111- fingo P. 119 1111 01. 11. 84
111 E .18,9 11311101.11.8,12 8111111 01. m, 18. 88
11111111 . 11. 4, 183 11. 4, 8. fingentur Rs 111111 01. 11. 8, 18
8118102 11 11181. 881. E .1. 15, 010111 01.11. 221
1111118880 311.1,227. P. ,882 11111011011189
11111 01. 1112, 20 fingaris P. 807 flebilior 01. 1. 20, 10
1111111111 01.1.1,113 inb, 10, fingi P. 881 flebilis 01. 1. 24, 9. ΡΜ
10. Ρ. 181 1131131110 1111111101.11.12,0
111111 8.118,147. Epl. 11. 2, 1131111 01. 111. 0, 22 flebis 01. 1. 20, 10
1 fingo 01. 11. 2, 82 11111 01. 1. 0, 0. 8.11. Ι,40
11111111 1131111870 1111111101.1.8,0 . 11018310,Ιο
111111 01. 1. 5, 5. Epl. 1. 0, 803 11111 8. 11. 4, 28 1111111 01.111. 7, 203 11. 1, 0
11193101 Ρ152 finire Od· i· ⁷, 1⁷3 ffi0⁴5 w· flecti Poloe ¹
11111, 1111111111, 01. 1. 2814 81. Ι, 983 ii. 8, 2118 811111 01. 11. 19, 17
8111111 83111188 1111118311118140 111111181811. Ρ. 101
11111 01. 111. 4, 00 11111 01. 1. 84, 113 11. 11, 82. 111111 83111. 17, 00
11111111 E 1.1. 1881 Ep. 11, 80. S. 1. 1, 92. 0, 0111 8.11.8, 09. Ρ. 192
1111111 0 .111. 8, 09 1043 11. 8, 00. 831111. 1, 88, 111 01.111. 7, l
,1111 011. 1810. 21, 1. 80, 141. Ρ.400 01111111 Ep. 0, 74
21311.1893111.10,80.21,11111111831188 11111101.11.9,17
093 11. 0, 20. 0. 8. 07. Epi. 1111111111 01.111. 24, 88 11111 Ε . 14, 11
< 1. 808· 17, 07. 1817 11111111111111 01. 1. 19, 4. 1111 0 . 1. 4, 103 111. 28, 83
1111 8.112, 108 8311. 11. 2, 194 11. 10, 4 .
1110111 01. 1. 12, 11....20, 10. finium 11111 Ep. 2, 22 Flore 81311813 11. 2,1
8813 1118213 111. 4, 4311111111 8.1.1,18 florent .12
11.9,12. E 1. 1. 8, 12 3 1111111111 E Ι. 1. 9,8 81111111 Ρ. 110
, 8148. Ρ. ὦ, 210 118311.1. ,10, Ρ.20 11111 01. 1. 287 3 11. 8, 143
111111 01. 11. 8, 28. 0, 20.1111111101.111.0,40 11182. 21, 44. Epi. 1. 0,
, 81111888 1111111101.11.4,01 14311879
1111, 1110, 1131111844 11111 111111 Ep. 12, 8 floret Ep. 1844
1111 1111111111 8.11.1,80. 8311111111 831. 1, 10. 8.11. 7, 20. floribus 01. 11. 11, 93 111. 18,
1. 89 E Ι. 1. 11, 47 23 iv. 1, 82. 8311. 11. 1, 141
11110111115311111111 1. 1118, 2. 8311. 118211 lorum 11111111 0111128211
1131111822 1111111 01. 1. 17, 10· 111. 10, 811 01. 111. 10, 15 ·
111. 1 11111 11, 11111. 11. 11 1111311111
11111 1.11.12,10 fit 01.1.11, 19. 8.1.1, 1,44, 11111011 01. 1. 1,10. 28203
1111 0111840. Ρ.188 00,117311.1,82.8,80.81. 11.14,143 111820. 11312,
111111 01.11. 88 17, 083 11.2,14,101. . 01. 10, 4. 831111. 2, 85. Ρ.
11111 8311118100. Ρ. 408 829, 808 80
1111 8.1.1, 104. 8194. 820 1111 Ep. 0, 02 11111101.1.11,13 111. 21, 42
111 01.111. 1818 111 8. 1. 81 11111111 Ep. 9, 80
11101.111.14,24. 8. 11. 8, 4, 1111 Ep. 0, 89 ,11111181828
18. Epl. 11. 2, 0. Ρ. 4181111811. 1,0 11111181. 4,11
409 11111811.8,294. 8311.1.10,11118311.1.10.14
1310181182 04 1111111118.11.8,200 .
1310111111 8111118.11.1,18 1111111 ’1118110
figura Od. 12, 41 811111 E .10, 12 flumen 0 .11.0,11. 9, 213 11.
1 118331. 11.],120 1131111103) 4311. 8.1.2,11 4, 88. 10, 21. 8.1.1,273 11.
1101. 11. 8, 10 11 11 .111.20,11. 8.1. 8, 888202. Ρ.18
1111 01. 1. 1812. 10, 13 iii. 19 flumina 01. 1. 84. 81, 93 11.
188. 8115,οδ 9131018114,οΙ 1,88311.1,4. 8311814.
filim 01.111. ms flagitio 01.111. 820 8.1.1,09. 8311118103
111111 Ep. 0, 01 · fl· ’11111 01.11. 9, 09. 8.11. 4, ii. 1, 202 .
111111 01.1.8, 14 1111111 01.1.14, 17. 8.1.1‚
11111 01. 1. 2, 483 iii. 9, 14. flagito Od.ii. 1818 05. Ι1181. 1..11,4
2801131180. 818811131111 0112818 11111111 d. 1. 21), 03 111. 29,
8, 40. 4,09. 8883 118122, flagrantis 01. 11. 1820 98
2³9. 0, 40. 6, 49. 8, 09. Ρ. flagrantis 01.111. 18, 9 fluminum 01.1.12,10
821 flagres Ep. 0, 81 fluvii 01.11. 12,8
1111181881 113111811111 111111 01. i. 21, 03 11. 0,0
filo 11111 8311. 111, m 1111111 01. 111. 19, 19 11111111 8. 11. 8, 00, 07
1111111 01.1.1,11 11111111 01. 1. 10, 8. 27, 2031111118311.1.1,28
,11111 8. 11. 0, 89 iv. 2, 10. 4, 48. Ep. 11, 88. nuxit 01. 111. 0, 29. Ep. 1, 19
1111111 8311. 1. 11, 49 8. 1. 819, 99 1111111 8. 11. 8, 250
1111101.1ν.11.10 1111111101.11.11,11 11111 8311311821
111111 11311814 flammi· Od. 11. 819. Ep. 0, 1111 0 .ι. 80
111 01. 1. 18103 11. 18, 80. 24. 8311118180 1111118 .2,48
8118107. 1131111812 111101.11.0,10. Ρ.200 1111183).1.5,7.
11111 01. 1. 812. 11, 2. 8. 11. 1111011111 01. 111. 9, 19 1111111 1111 8311. 1. 0, 01
1,80. 83111250 1111191 11111101.11.4,14 1111101111384. 8.1. 0,(10
,1111 01. 111. 18, 2. 8.1.1,00,1111111 1.1.0,4 1111111811.,1111.1,24
100. 82 mavi 8. 1. 0, 72 1111111 01. 111. 21, 28

 

