100 INDEX.

11111101.1.11,10;11.10,011 8, 7. 8111. 1,11. 11,11. 18, cupientium 01111 1111
111.1,81,· 111111. 0,11. 11, 70 11111181111188, 11. zm
8. 811110 culpabit nm 1111111111188

11111811 011.17,18; 11111 1111. 01. 111117. 17, 18’ 1111111108 1

01111181111111 01. 11. 1,1 11.1,18. 1111111111 1111181011] 111,ῑῶ =

0111ρί111 8.1.1,180; 117, 11 culpo· 01. 11. 1, 81. 11187 11 1811100. 1.1.1,11.

0111111111 8.11,110 culpate 01. 1111, 11. 8.11, .10,181 ,

Crispinus 8.1.1,11 81 11111111 01. 10, 11

1111111 Bpl. 11.1,11 culpatur 8.11.1,7 111111111111 Ρ. sn

11111 8111, 08 culpari 0111. 110. 8.1.1,11 1111111111 Ρ.’10 ,

min? 12910 1111111 01111. 11,10; 11. 18, 11 ί111111 01111, 10. m,

1111111 .11. , 1

011111 11 ,1. 11,0 1111111111 8.1.1,11 1111111111 1111111 011118

111118.ι.1,81;11.7,17.11111111181111111 11101.18,1,1,8,8,11.

1. 1118 11111111 apt. 1. 7, 81 111611 ρωξῑποιςυοά 01. m.
omoiavont 8.11, 2³ 11111081 1 .81, ,8111111 111.
1111111 8. 1. 10, 78 cultis 01. 11. 11, 07 1111111111,01.1.11,80. 11,18;
11111 01 111. 1118 111111 01. 1. 111. Ρ. 117 118, 8. 18,11; 111. 111110,
111111 Rp. 81 111111 8. 10, 71 17 ; 11. 11, l. 8. 11. 1, oe. 8,
11111111 [11111111 1111111 1111111· 18, 00. 11111. 1. 10, 8 11, 8;
1111111111 8.11. 8, 81 vultum 1. ii. 1, 111 11.1,181. 8111110

11111111 01. 11. 10,1 culum 01. 111. 11, 11. 811. 1 cun, 1111 8. 111118

11111 81111881 1888 111111101111.17,18. .
1111118.1.8,10 1111111811.1.Ι,10 11111 01118, 63. 11. ,
111111110111.8,18;1111,11111111 01. 1. 8,18 10,0; 11. 1118. 81111. 8, 35.
111111118.ἰί.1,111 1,11.0,15. 81111111, 1181111 110
17. 8.1. 1111

1111111 011111, 11. 811111. 11 11111111.0,
1, 180 1111111101.1.11,11.Ρ.111 11. 1, 11, 88. 7, 111 .
1111111111 01 1.1,10 011111 1111111111 111110. ,1 511. ,21
111111118.11.8,18 numerum 11 1.1.7,10 1111111 81111,
1111111111 Ι.1.1,11 numeris 8.1. 1, 81 1111111 E 111,
11111111. ,8. 7,10. 8.1.8,111111111811.110,1811η1111111111.1.1,1 ·
18 111111 0111. 1,20; 111.1,8;111111 0111. 18, 11. 8. 18.
ο111110111.1,18.11,7. Ep· 11.7,10.0,18.11,0. 8.11. 17;11.8,18. 1391.ss l. 81
17,18,11 1,8,111.Βρ1111,1.11,11.111ι111111111.11.1,1 1
1111111118.11.1,178 1808 11111111 0111. 11, ,111111
1111111811 01. 11. 1,1 cunctantem 0111111 affl

1111111 Ρ. 178 1111111118.1.1,111 111111,11111,011.7,11;11.11, .

orm 011110,11. epam 1111111 13 111181 18. 10,11; 111111. 1111.

111111111111110.8.1.1,10111111111871811,θῖ 11, 18. 111111. 11. 11,

1111181101.11.10,0. 8.1. 1, 11111111 8. 11181 110. 11 1. 1. 1,10. 11, 11.
111. 1,17 11111101.115,18 15,10. 8,101; 111,ὓ. Ρ.

1111 8. 1. 1, 81, 01. 107 11111 8.1. 1, 18 “ 88

1111111 Ε Ι. 1. ms 1111111 8.1.1,70 ’ 111111111011111018811.

11111111 8.1.1,88; 11. 1,17 1111111 8.11, 107 1. 11, 18. 18, 17. 18, 80

1111118111111 , 111111 sor quandocunque 01. 11111 0111118. 1³‚ae5 ii.

11111111 0111111. 8111, 1. 81, 18 110. 8111. 1. 17, 881 11. 1.
w Cupiennius 11110 180. Ρ. 01107

angl 8. 1. 0, 18. Epi. 11. 1, 11111118811ὁ11ὼῌ87 111111.8.111ξ1,801.181168 11,ῑὸ

..11 11111. 111 11111111, 11. Epi. 1111111111· ,111

1111111 01. 11. 18, 18 111ρί11 11111. 11. 1, 100 111111 Ρ.

111ι111111ω1111.10,11. 11118. 8.1. οαῖἰιέὶίιιοῑ 1..1111.181ἷ,10. 8. i· 11111 1111111, 17. 121⁵. 17,

1111111 131111 cu ’11111111 11. 1,1; iv. 11. ..11 111111. 1 111. ,

11111111 8. 11. 1, ’111 1 Ρ. 180, 181

1111111 011118. maweu 1111111111 8.1.1,111;117,11111 0111117

11111111 8. 11. 1, w 111111 01. 111, 11

1111111111 8. 17, 11 01 111111 01. 111. 01, 81. 110111. Ε Ι. 1. 1, 81

2:355muigssssgisgzsili.28 0111117161111111 01.1.10,1;11111.011.11117,111 apl. 111,

18881311 11 1. 1, 11. 1111οό111, 11, ii. a, 11. cffiaffi. 11111

11188. 10,17. Ρ. 118 11118 1111 8. 11.1,10. spu. i. 1, 11.

111111 11111. 1. 1118 11111111, 1111,1111.1.18,08 1,8

“1;’;“11ζ18.,,ι. 8111113111* &affl-,33⁸⁶

1111111 11111111 8. 11. 8, w cupidum 81111118. 1111. 11111811 8.1. 8, 10; 11. 181

11111111 8, 1. 8, 18, 71 11. 1188 11111111 01 111. 10, 10. Ρ. fl

111111 8. 111, 111 cupida· 111111. Ρ. 188 1111111111 11111. 1. 1,1

«1311011101 111. 11, 11. euhion· 8. 11. 8, 88. 7, 1, 17. 1111111 8.11,01.8,17.10,1;

11. 1111111. ρΙ.1.8,10;11.1,18 111111

 

