11111111. ’ 1111

equestrem 9888 1111111111 8.1.8,41 1111111 01.1.1,6
equestri 8. 11. 7, 58 11111 01. 11118, 18. 911. 11. 1, 1111111 Epis. 14, 5
oqui 8.1. 5, 56. 91111111 95. Ρ. 457 11111111 8.11. 7,97
equidem ⁸:3¹· 1,79. 5, 98. 6, errem 01. 111. 97, 51 evenit 0111111. 8. 1. 8, 98.
111111 1111119 1111111111111111 afim 11111111
oqmnoe 1.11.1,45 1111,11111,8.11.7,118 91111 01. 111919
1111111191 1111,1111,01.1.84,8 1111111101.11.15, 5. 8.11. 8,
111111 01. 111. 4 84 11111· 8. 11 8, 49, 51. 9,)1. 11. 959
oquin 01. 1. 6,8. 7, 9. 19, 99. l, 118. 9, 149. Ρ. 898, 454 11111111 8.19, 61
15, 9, 95. 19,11, 111.8,16,1111118.1.8,49,11.8,68 111111101.11,6
ivai, 89. 8.1. 1, 115. 7, 8,11111111111111 01. 1.97,16 91111 011 18, 9, 11. 11,17
11. Ι, 96. 9111111111. 1111111111111 8. 11. 8, 51 1111 01111917 ,
Ρ. 169 11111 1111119115 111111 8. 1. 8, 89. 4, 99, 88, 11.
equitare 01. 1. 9, 51, 11.9,94.1111118.11.9, 196. 911. 11. 9, 9184. 11111199
8. 11. 8, 948 119. Ρ. 119 Eumenidum anguet 01. 11. 18,
equitat 01. 1. 8,6 1111 8. 11. 6,117 . 86
1111111111 01111144 1 111111 915117 11111111 8. 11. 8, 979. 911. 11. 9,
’111111111111111111111111111111111111 ..111111 11111111.
11111111 1111111111ΡΙ 118 11 9 .15,17. 8. 118, 189, 978. euntem 8.1. 1, 116
equitis 1111111111 7, ,59 8,76. 911.1.1,76,1111118.1.19,58. 11111. 9,
equitum 01. 11. 1, 99. 16, 99, 11.9,164,995 55
111. 11199. E 1.11. 1, 199 11118.11.8,5 euntium 9119
equo 01. 111. ,64, 11. 6, 1811111 8. 11. 9, 79 111111118.1.8,119
8. 111, 15. 9,9 91111ίί11 8.11. 6, 88 9111111 8.11.8, 19
equorum 01.1.95,14.911.11.91111111118.18,14 Eupoli· 8.1. 4,1 .
1, 95 Esquilina> EM² 199 9111 01. 1. 95, 99 ; 11. 11194,
equo· 01. 1. 84, 8, 11. 1, N. Esquilini 11111111 9117, 58 111.17,11, 111111
Ep. 9, 17. 8. 1. 9, 86 1111 01. 111. 97, 78. 8.1. 1,19, Europe 111111 eredidit 01. 111.
nquam 01111195, 11. 9,18. 68, 79. 9, 4, 811. 97,95, 57

⁵ ’ 1111. s. 111111. 1111.11,1111119ρ1.11.1,111 Europen 11111111

8. 9, 64. 19, 84. Ρ. 84 111111 8.1.6,91,65,87. 9111. 91111 01. 1. 98, 95, 114, 48.
‘qum Od· iv· ,ΑΟ ΕΡ1111 ¹⁶, w, 2⁶ Ep· 1⁰2⁵· 191⁶ss

11.17‚20. ms 11111 911. 1. 19, 59 ¹ Euterpe 0111, 89
11111111 01. 11194, 51 11111 sor 1111111111 8.11. 6, 89 9111111111 911. 1. 18, 81

1111101.111.9,1,11.1,8. 8.111119 .5,88. 8.1.9,59. 8,111111101.111.4,55
· 16,69.8,1 196.4,49.5,66.6,96,811.1101.1.99,7,11.1,1;111.9,

om 01. 11. 19, 98. E 1.1.4,6 111 01.11,19, 97. 8, 87. 7,5, 9, 811.
111101. 1111111, 1115, 811. 1111111191118.11.4,86
18, 111. 11111111 8. 11. 9, 57. 911. 1. 9, emtis 911. 11. 1, 79
,emtum 9111. 1,69 89 11111118.1.1,118
111118111πὸ (18 1 5ἐ 735 1117 ,Ξῖ 01. 1. 1, 19. Epi. 1. 1, 11131111 01.11. 18, 81, 11199,
111 m .1v. ‚ , 1.
1111111 91969 1111111 9 1.1.19,15, 18 1111111 Ρ. 498
ergo 01. 11.7,17. 9199. 17, 1111 11111 t 8. 11. 8, 91 1111311111 8. 11. 9, 54
97. 81. 19,7, 811. 11118.11“.1,11.1,11. 9611111111 01. 1. 85, 81. 919,
erigimur 911959 9111. 1, 81. 17, 87 65. 91111998
erigit 8. 119, 159 1111, ’ . 01. 111. 8, 15.99,11111111111 8.11. 9,8
11111111 01. 11. 14, 19 5. p. 8, 11. 8. 1. 9, 89, 1111111111 01. 111199
eripe 01. 111995. 8.11.7,91 ἓ.ῗ,11111.63,99,199. 6, 9111111111ιῖ gwala! ΕΙ ..
eri Ρ. · ,1. , 11111111 ,1. ·. .11.
...1111111111 11111111111111. 1111, 11. 1111 , ’ ⁹
eripeset 8. 1. 9, 65 8, 118 1111111111 8.11, 79
111ρί 0111. 19, 97 11 for 111111 01. 1. 4, 11. 9, 91, 1111111111 8.11. 6, 114
eripiam 8.11.9,98 111917. 8. 11. 8, 91 1111111 9184
eripiat 8.1. 157 etenim 0d.iv.5,1⁷. S. 1. 6,54. 11111111 Ρ. 59.
eripiet 8.11. 5, 85. Epi. i. 6, 7,19, 11 8, 984. 5, 69 exauditus Epl. 1. 91114
58 16111 01.111.11,99, 11.6,19. 1111111111 Rp. 5,45 ³
eripiunt 01. 11. 8, 89 ἰ 1. 9, 44. 8, 86, 89. 4, 69, 11ῗ1ἅ115οἰ1. &hoff 8.1. 4,
111111191.11.9,56 11. , ’11.
11111111 01111. 17, 94 9111111191.16,4,49 emptu 91111916Ι
1111 8.1.1,16. 9,8, 11. 8, 97, Etrusci 01111 8.1.19,61 11111111 8. 1. 7, 95, 11. 8, 46.
899. 4, we 5, 99. 6, 54. 911. 9111111 11111101.1.9,14 11111111, 59
11, 59 9111111118.16,1 exceptum 91459
erit 011118, 11.19,18; 111. 9111111111 01. 11199, 85. 0. 8. 1111111111 8.1.“4,49
5, 89. 19, 19. 8.11.1,99. 9, 88 11111111181.11.8,979
65, 68. 8, 4197, 999, &m 11 Ρ. 898 111ξ11118.1.8,49
11111101.111.4,99 1111111101.11.16,16 11111, 8.1.8,76
11111101.11.14,18 11 1111911111991 111111101.111.16,18
11111111 Ep. 9, 14 9111111 8. 1. 8, 91 1111111 01. 1115, 99. Ρ. 989
111111 01. 1114, 7. 8.1.8,85 111111 8.117,68 11111111 01.111.19,19

 

