INDEX. 821

11111111. 8111188 111111 mnibus 8. 118, 11111111 01. 1. 81, 15
11111111 8.1. 4, 78 11111111 01111128. 1.11.1111101.1.ι9,11. 111111,
11111118118.18,187-1118, 7,28.8, 172 111
115 1111111111118.1.8,81 lenire Ep. 8, 84. Epl. i. 1, 84.
1111111111 8.11.2,88 . leuno 01. 11111, 41. m Ρ. 888
laudabile Ρ.488 Lebedum 1111. 1116 1111101.1.24,17; 111122.
11111811 epehusm 1111111811.1.11,7 18, 8. (1.8. 1181811198
11111811 1111111168 11111 ep. 1, 88. Ρ.48 1111101.111.14,28
1111111111 01. 111 leem 1111111888 lenite ulmorum 01. 1. 217
11111111 0111147 11111 1111ι118.118,41. 1111. leuiter 01. 11. 18, 80. 8. 11. 8,
1111111 1111. 111, 188 1. 18, 11 47. 1111. 17, 81. uem
leuduulee 01. 11. 117 leutio· 8. 1.2,88; 118, 214 leuius 1111111 epu. 1. 18, 88
1111111111 01. 11. 1, 28 111111111111111. lupe. 1111 8. 11. 8, 281
1111111811. 1. 178. 9,8; 11. 111 1111111 11111. 1172
1, 188 1181111181 181. 2, 1285 11111 1111111 811. 2, 78
111111118.1.9,18 11.8,77. 8111187 111111011118. 81118
1111111 8.11. 196 11111, verb, 8. ι. 8, 122 lentissima 8.1. 8, 84
1111111118.1.2,88 lector 1111111181 1111111111 01111128. lupi.
11111181111101.1.18,8. 8, lecturum Ρ.841 i. 2, 7; 11. 2.oe
112, 28, 88. 7, 22, 88. 11111181 111111. 1114 lentum 01. 11. 118
19,12. 116. ,4 lemuribus 8. 1.·18, 74 111111 umor Od. 111. 18, 28.
11111111 81117, 87 1111018111108. Epi. i. l, El.ii.1‚178
1111111011. 1.1,17. Sd. 19. 81. 1178 leo 1.128, 10
2, 84. 7, 28; 11. 6, 78. 1111, 11111111 8. 1. 4, 188 leonem od. iii. 2, 113 114, 18.
1.11,18; 11.],84,88.1,111111ι111 1111111111 01. 111. 21, 8. ii. 8, 186
1111111111111118.11.8,78 8. 81198· 111171 11111101.11.18,88; 11127,
11111111 111. genuus epu 11, er 11. 111111. leue. Ρ.
laudatore P. 488 lade pueros 01. 11121 888
1111111118. 1. 2,11. 10, 4. 1111. 1111118. 1. 8, 22 11111 »egroto 1111. 1. 1, 78
1. 1118 leget 8. 1. 4, 28; 11. 8, 87 leonibus Ep. 7, 11
lundata· 8. 11. l, 81 legati 81129 leonis 01. 1. 16,18; 11. 19, 283
ludunum [1111118 legum} 8. 11. 168 1112118. ΕΡΙ. ἰ. 18, 111
1111111111 P. 271 1131 111101. 111. 114. 8,18; leonum nutrix 011. 22, 11
1111101.111.80,8;11.4,87. 11111. (18.20. 8.1.8,11ρί1ο11111Ρ.278
8, 28. 8. 1. 10, 19. Ephe. 72. Ρ.288 111111181112128
1111111411. 11181 1111118111,οῐ- 1112 leporem 0118118. Ep. 2,
1111111011,11.14,80. ΗΒ, legendo 00111111 1). 470 8⁶. 8.1.1,181;11.2,9
824 legendum 8. 11. 181 111111181111122
11111111 8. 11. 1, 72 legentem 8.1. 8, 84 leporis 11111 811. 4, 44
111111 0111111101. 1. 8, 1111311111 111111 1111111118.11.8,88
28,7; 1111811111. 'egentibus 1111. 2, 188 Lepus 111111 8. 11. 8, 71
11129 legentis Epl. i. 0,4 111811111184. 12, 18
lauden, veru, 8. 1. 1, 88; 11. 8, 111111 810, 98 111811111111 01. 1. 17, 21
72. 81111118 111111181111112 1111111101.1.21,11.82,8
laudet S.· 1. 1, 8, 108. 18, 88; legerit 8. ι. 8, 117; 11. 1, 28 lesbium 01. 11. 8, 88
111188. 81111186. 11111111, 11 1.1.18,98 ¹ 11111111111111.1.11,1
1oe le 11111, 1.11.11,18;111.111181111 01.ι.1,84
nudetur 1111. i. 11, 21 , 88. Ep. 1189. 8. 1. 8, lethea 1111111 01. 11. 7, 27
leudi 8. 11. 8, 88 188; 11. 1, 47. Epi. i. 16, hethaeo eomneu Ερ.14,8
muium 011. 12, 14. 21, 9. 41. Ρ. 181898 11111181181118
E 1.1.19,8 leget 8. ium. 11 1.1.112111111111 gnudi 8111148
111 uu 1.1.1,86;11.1,178 11ἳ111 1811171 ΕρΙ.1.11113111111101.1.8,88. 28,
undo 0 .11.4,22; 111. 28, 88. 8, 18; 111118. 811191
811. 1. 7, 88. 10, 8. 1142 1111111101.111.24,18. 8111111 01. 11122, 8. 218111.
1111111811.1.8,81 6, 68. 11111118 9, 80
iuvere 01. 111. 12,1 legio Romuuu 8. 1. 148 1111101118 01. 1. 12, 81, 88
1111111 1111111 1111111811 0111. 14,7 lenuit 1111. 11. 1, 128
lavem 111111 xpi. 1. 18, 88 legit S. 1. 10, 18 levent E 1112, 18
luimus 11124 11 'timum 811ῧὶ 2, 109. 1111111111 pl. 111140
11111 01111128 4 11111111 11111, 17
111111118.11.8,11 legum 8,1. 1,1; 11. 1, 81 lewe 01. 11. 18, 88. 11118,
1111101. 11. 111 111. 4, 81. 11111111 1111111209 1811128
12,8. 8111181 1111101.111.28,18 · levent 1111281199
huten 01.]1. 18, 9; iu. 2, 8 leue eaput 01. 1. 1,22; 111. 1111111111 01. 1117, 29
1111111181.8,28. 8. 11. 4, 41. 2118. 29,2. 11111111110111111. 0888
42 11111111 111111 Ep. 1128
11111 01. 111118. 8118 11111 111111011118Ι 111111 11118, 17
lauru meu 01. 11. 1 19 1111111110111. 18,18; 11128, 11111111 01. 1112
laurum 01111225 111.14,1 18. 811128. 8,8 1111811187 ·
111111 01. 11. 1, 18 11111111 1.1.18, 18 leve 111111. 1, 179
1111111188. ΒρΙ.117,ω11111111.1.18,ῶ 11111101.1.18,18. 8. 11. 7,
11111 1111117 1111118. .2, 18 88 . .

 

