111 INDEX.

118118111118. 29¹. 110, 11111 08. 1 7, ²²5 iii. 11, 18.
18. Ρ. 105 . 11110, 18
1111 8111111 08.111.8,1 11111 08.1.17,1 . , . , , ,
1111111111 ,0,18 1311111111 .8.18 ,0,11. l , ,
lugubres 111111 Lycamben ,11.1. 11118 0,18,1 . ,
lugubri 08. 111. 8, 01 1.,11 od. 111. 10, 1, 11.11,1,1 apl. i. 1,1. 7, l ‚
lugubris 08.11.1,18 Lycen 08.11.18, 18 1111111111 8118, 81
1111111 8.11. 8, 00 1.,111 dumeta 01111181 1111111 8.1.1, 101. 8,11, 21.
lumbo· Ep. 11,11. 8. 1. 11,11. 1.,1111 08. 1. 8, 18 1111. 1. 15,10
8100 Lycidan 08.1.1,10 1111111 1111111111 mi. 6,ss
1111111 Ep. 17,11. 8. 11. 7, 88. Lycio 011111 8.17, 17 moenianum 011. 11. 0, 5
811. 11.1,08 11,1111111111 11,11111 11111111 111181
1111111 placido 08. 11. 1, 1. 11311 Seni 01111811 mugiens 1111111111
11111111 11111181 08. 1. 885 ιᾟι 08.1.15, 11, 18, 1111,
1111111111 08. imm Lyonm 01111111 .18,80,111.0,1. 1,
1111 08. 1. 11,18, 11. 5,10.1.,1111108.11.10,18 11.1,501118 8.1 80,
11, 10. 11,1.15,1.0.8.10.1.,111 08. 111. 10, 18 111. 8, 111. 1, 81. 0,
8.1.8,11 11,8108.111.11,7,10. 18,8 10,58, 11110111. 00,
111111111111111 08.1.1,5, 111. Lyden 08.11. 11, 11 87, 118, 810. 1,18,00.

2.
⁵⁰,
⁸.
6.
,1

18.
71.

18,1 1111101111. 18,1.15,8, 118. 8,17,10. apta ,11.
1111 08.11.18,10,111.10,οε 111. 0, 0,7 15, 11. 10,17,11.1,“118. Ρ.

11.1,58.7,11. 8.11.1,80.1.,811 od. 1111110 10,ω2

81111118 1.,1111111101.11.15,10 111ξί1111 0111111181. 81111.
luam 08.11. 10, 8. Ep. 5, Lydorum 8181 ,81

18.17,78. 8.1.8,85,11.8,1,11,11108. 11. 1,11. 11,10.1111111118.11.1,118

88 11111118. 81111 111ςί11118.11.8,157. apti.
1111 1111 08. 11117, 8 lym 1111 011111. 11,11. 18,10. l, 11
111111111111108.1.8,8 ,11.11. 1, 110 111κί111108.111.11,1. sphi.
lupi 111100. 81811 Ι]ι1,»111101.ἱ.11,11 11111
11111118.11.8,181. 811. 1. 7, lymphis Ep. 1, 11. 815,οῚ magistrum Ρ.115

11 lyncas 01111. 18, 10 , 11. 81111111 08.111. 1, 8, 71. 5,10.
11111 011118. 11111. 7, 81 11,11. 8.1.8,18.1,11.5,

11. 10, 10 hymel 111111 S. 11,οθ l. 0, 11, 00. 7,11. 8, 80. 0,
Lupo 8.11. 1,oe 11111111 1111. 1. 1, 18 75, 11. 1, 100. 8, 817. 1, 78.
11111ωά11111111101.1,00 1,1108.1. 11, 1. 11, 11, 11. 5,11,17. 8811101. epti.
luporum 0111110 11,11, 111. 10,10. 18,11, 1111111, 1111111,
1111011110. Ep. 0,1. 11.15,1. Ep. 0, 5. 1180. 100. Ρ. 11

11,10. 8.1.1,88 11111. 1818 111 ae 08.1. 11,117, 11.0, 1.
lupun 011. 11110 8111 0111010. 10,0, 111. ,11.1,08 81111011
11 11 08. 1.11,Ηο, 11118, 18. 8, 00, 11.1,11.8,18. Epi. mgnum 0111111171. Ephi-

11,·81’7“1,1.“1“1,11ῗ1.1;1881811181111 ...881 111111111111,

10 laynppo sspl. 11. l, 110 15, 81
11118181.17,11 . 1111111111 08.1117,18
luridi 1111111 08. 11.18, 10 mgni 08. 1. 10, 5. 11,10, 11.
luridum 01111171 - 5,80. 11 .1,81.17,11. 8.
1111111118.11.8,111 M. 1188. ,71,11.1,08
11111118ᾶί1 8. 1. 5, 81 mugnis 8. i. 8, 111. 1118. 8,
1111111 8. 118, 10 1, 78· 11. 178. 7, 11
1111111111 1111110 11. 11. 11, 14 ...811 i. ι, 11, 11. 1, 11,
1111111 1111. 11,.10 11111111 1111. 1. 11181 71, 111, 118. 0, 70. 8, 50. 0,
lusisti 111111. 111 moeno 8. 11. 1, 70 50. 1811, 11. 1, 80. 0, 05.
11111 08. 111. 17, 00, 11. 0, 0. mellum 8.11.8,110 7, 85. 8, 80. 1111111111.

811. 11. 1, 118 meent Bp. 11, 10 m)
11111108.11.1,0. 8.1.0,081111111108.1.11,8 111 orum Deorum 811111.
1111111111 01111115, 11 1111111111 111. 1, 78 81118188
11111111111108.11.11,87 muchium 8.1.1,1 . 111 1108.1.1,10,11.1,11.

“ lustrum 08. 11. 1, 11. 0. S· 11111111 08. 1. 8,80, 111. 17, .17,11,11.8,18

07 58 m um 08.11. 15,11, 1111,
11111111111111118.1. 8, 18. maon ΕρΙ. 1. 7, 88 .11,11. EM. 87. 8.1.
0, 110 1111111111 11,1. i. 1, 17 1, 10,51, 110. 0, 01. 7,11.
luteum 8.1. 10, 87 111111 1111 8. 1. 8, 71 0,10,51. 1810 1, 80, 88.
11111111111111 ,10, 10 mem .1, 1, 71 ’.1181 5, 70. Ρ 180
1111 xpm, .11, 11 1111111111.11.1,181 mugnus E .1, 15. 81107,
lumenta 8. 11. 1, 88. 111111. 11111111 0111. 10, 10 11.1,1 .1, 00, 81. 0.1
1, 75 111111 esto 8. 1. 1. 81 magus 08.1.17, 11. Ep!- ii. 1,
lutulentum 8. i. 10,50 1111111111 S. 1. 5, 81 111
lutulentus 8. 1. 1,11 11111111 Ρ. 881 1111111111 8.11. 0, 1
111 8. 1. 5, 80, 11. 0, 50 1111111111 01111111 111111111Ιί11 08.1.1,18
1111111 8. 11. 8, 70 111811 01111110 1111111111 08.11. 15,18. Epl.
11111]1118.11.1,111. Ρ. 111 18111111 08.1.1,1 105, 11. 11.1,108
1111111101 1111111111 11,11.17,1.10,7,111.8,18.10,111111 08. 1. 8, 10, 11. 111,

3
θ

 

