1.NDEX 4⁰1

6611161111Ρ,1415 661661166 ,5,86 616611061161 6,11,8,78,
converso 011111, 16,8 661661606187 86,11.8,16, 118. 11512 ..1 16,16,18,18,
661161161611.5,88 111,,147,1,14,61. 6.1,6, ii.l,1⁰

sonrsrtsret i.ii.1,1⁰⁰ 88416648661111161118,1.5,1611;11.1,611

661116166,1,5,11,7,66 16 164, 7, 61666 0611417 11167, ·.68

.· 6111161616,1.,647 οι,81,8, 7,,18181746 6,1,,,78511,1’.,’,56856

’ ⁴ 66111616168.14,66 1661166658 75,688.6,68, 661,1,4,,18

1 1611111606.1,88,7, 6618886616661151106, 111416 6,18
6,1,,1116,16,86,11.,,1116116661 0.8,54, 8,18,66,6116611616,11,1,,81661,11,6,
s,.',.',soot8876.1rt,.i.o ip.i.02⁰,24 186

1,7,,7518,16 85865186166616818166611148.

6611111118,11.8,,41..66111.8 1,8⁰.,;8186 ii.1,.⁰ 7111111814

61 8,77,84,166,7, 1116,661,1,616661611106,11.8,5

6661116118,11,6,111,,.784 1,,814,6111141 616661618,1,,686

8,8 661166161661,1,15,,87 111,61661Ρ,886

6611111181, 5, 75 166 6166151168· 1, 6, 58

ω11111161118.118,78 6611661116,11,8,857 6166166116 06.··11.18,.5 Epi.

6611111106,1,,617,,6611,5,16111,61’,488 185

86,11,6,56 66111,616011,1,84,86 6661616181,1,18,65

οο11111118,·· 11, 6, ω corripuit 06,·1,8,88 616616161166,111,5,1

661111161111166,11,6 66116 ,11116161 1,1.5,68 61661611 06,· 111. 5, 88, 67, 28.

0668114 4,86 conum-nai. ,57 66,,,5486.11,8,61

6116661168,11,,166 οο1116118,1,6,86 6166111161,1,1,,,48168,68.

6661606,1.17,,1411.15,6.661111611118,1,5,65 14,,,,,,86161518166,18
0866111157 11846661166161611811768 1,11.,6158
1116229151418661111611116118685 oreditmro

16,11,,8146 116111ωο611166681461661160611168661117

6661111106,111,66,6 186 ⁰1. P.⁰

oopisn 06,11, 14, 88 6611166111 06.·111,8,16 1161111618,··11, 5, 65

666116061,18,18 Corvino 06111, 61,7 6166111111 06,· 1, 8,5, 84, 11
666111,11’ 166 0611161118,1,16,66 ο1611111116,11, 4, 61, 661, 11,,1

66661168· ni. 2, 41 6611611111 8,1, 8, 88 166

6661111616· 11, 8, 46 661161661.116,48 61666 8511681, 8, 86.5,87.

6618.11.8,68,618.,Ρ4Β 66161661 11106,1,,846 7,oe

6616110616,6,,868.1,,,4746611111116,111,,,87118,11.,56166111606.1,11,,811,1,86.

85656661178817, 5⁰ Bp·.l⁰88
48, Ρ,185 66111166 1,·1, 17, 56 6166111611 06,111,,7 18

0616611611. 5, 57, 64 061,111116106,·1. 16, 8 6166111111 06,· 1, 5, 6

66166 06,·1,88,8 Cory nro orooo 6,“· 11, 4, 66 61611116 06,·11. 4, 58

sordi 06.1.17, 14 «6611661 06,·· 11, 1, ⁰4 6111111161 66, 17, 76

0611111111 06111 6616 61661114 06,·“ 11, 8, 16 Crsontis 66, 5, 64

0611681111 661,117,86 cothurni P. 8⁰ 6166161666,16,48

Corinthus 116111 1, 1⁰8 6615611116, i. 5, 64 61611106.1. 18,5. 8,11, 8, 86.

6611661.11.5,88 oothnrnoOd.ii.l,..12P28⁰ 6Ι,1,7,84
66116661· n. 16, 16, 112, 57 66111Ρ, 864 6166666847

66161561906111, 18, 4 Cotisonis 06.··111,8, 18 61661611 8.“ 1. 8,187
66111611 06,·11.18,66 061,111116,1,17,56 6166111106,11,17,86
6611161116 6611. 8,11) 0611 Am ntns 66, 18, 18 6161611111 06,· 111, 8⁰, 8
661111061117188716011,111,1,81,8 6161661118.11,,544
66111106.·1,17,16. 18,l4,11 Crantore 6 1,·1,6,4 (arescentem 06,111,16,17, 11,
16,,,,860866,66,1686611110611188618111,,186,,888,11.,518
8,1,,,484 5,58,Ρ11,1,56, 817614464861661616616661111167
8,61 116, 11, 8, 888, 6,,85 Ep1.i 6161611011· ¹.' 12, 45, 118, 18.
66116ιο6111.81,16.87,46,1665,6.16,88 817 18.·111,88,11, 6618,
7666618166181616111618151168 8611186116161
⁰, 44 616116661,··11.1 76 6111111111 06,·· 111, 16, 8⁰. 84, 68
6111111111 Ο6,·11,1,17 61111118. 11, 4, 56 0161111106,1,86,16
66166106.1,7,88. 0...886016111,06.111,5,5 6161666.1,,616611,8,646
P. 856 61111166 1,·· 11 1, 644 01611111 6,,,... ,6 86

66161116 Ρ, 881 .-1116111616 Epi. 6111111111 8,75 Croton 111. 67, 84
i. 18, 58. 61611111 0611, 7, 17 0161166111 06,· 1. 811, 8

coronis 1161116 61111114 06,·ι.88,61116111011,· 111. 18 7 6,“ 11, 4, 61616111 0611, 15, 14, Ρ. 815
mmsis 86 ο1611106.11,,,44668,6,11,
6616111111 06,· 1, Ι7,67, 86,8.01116111111,8.“11.8,161 4,15
6116 46 661· 11, 8, 66 611115111168,45 6111611116,· 1. 8, 61. 661· 1. 18,

6616616166 06. 111, 88, 15 0161116611, 16, i 8⁰
66166111661,1.1,56 Cratinus. 1,4,1 erimine 6. 11, 8, 878, 66117,

6616161 Ori. 11. 7, 84, 111. 14, 17, 6161116111 Ep 1.1, 8, 44 56, Ρ, 868
8.· 11. 8, 856 creantur 01111, 4, 86 criminibus 06,111,7,14

6616661111 06,··11,7, 7 crebris 06,· 1, 85, 6 criminosis 061168
66161151 1161· 1. 18, 61 6161116661.“..1.1, 7 . 611116 06, 14818, 11, 16, 88
coronis 0611, 11, 8 61666111 116,17,87. Epi. 1, 8,11 61116111 06,111.1·1, 88

 

