INDEX. 180

0011070 01. 1111, 18 10,1Ι; 110,17. 008. 7,110. 0000000000 8.11. 8, 08
0011000 Ρ. 8 11011170. 17,1185 118187 compereeret 8. 1. 8, 81
0011001000 0. 1. 8, 70 000000 Ρ. 80 00000001 11 111. 8, 188
colle 801118,οὓ 00001000 8. 11. 0, 01 0000οο0011 01. 11. 11, 0
00110010 Ep!- 1. 8, 00. 10,11 3 00010 01. 1. 80, 7. 8. 11,8). 0000110000 8. 1. 1, 181
11. 8,80 . 10, 08, 00; ιι 8, 70. 110111. 00000000 8.1. Ι, 78
1131111111ιὸ ..1101100 0οι.. ι,ιι ω1111111111ῗθ’”ι’6’ω”
0011000 8. ι. 8, 10 eumdem 01.1. 80, 88. 11011. 00001000 1101. ιι. 1, 817. Ρ.
omega.. 001100,οι re, 00 me
8808. ”’8··’ m·
..011110 ι’. ’1ιί ις’ 1101101. 11111111, r} 31111111 s.'1¹1d, ιι
001100 01. ι. 81,18; ιι. 18, 18. eorem 1101. 1. 8,8 0000000 01. 1ιι. 17, 11
(1.8. 7. E 1.1.8,0 0000001000 Ρ. md eomponere 01. 11181188. 8.1.
001110118881 ἕ.1.1,0 00107000181 ΕΡ1. ie last} 1101, 10 ιω· ⁴¹» 8· ⁶.) 2⁰3 11ι1 ω.
..01. 018000. epar, 0οι ιιι. ιιι. ..arud ι,
8) ⁸ Ι emender 801. 1. 18, 70 801. Ρ.10
00111 0 8. ι1.1,01. 101. ι1. 1, 0001000101 1101. 1. 10, 81 000 1101. 1. 1, 18; 11. 8,
nd 0001οι10000 8.1.1,18 91)οΜ

colligi· 1101. 1. 18, 1 0000010011 S. 1. 8, 00 00000ιο01 1101. 11. 1,8. 8,100

adfligit 8. 111, 00. Ρ. 180 0000100011 Ρ. 801 0000000710 Ι. 1. 8, 00
00111000 01. 110, w 0000101000 Ρ. 1oe oomportet 811. 8, 101
0011100 801. 1. 8, 7 0000101 01. 1. 8,11; 1111, 10 000000 P· 76
00110 01111. 8, 10. 80. 8, 01. 000010ιο 8. 1. 8, 00. 1, 81. 0001000110 OM· 9. 80
&imaro 1101111170. Mon 0000001110 0110. 1108. 8.11.
0011000ιο 81017,οθ , 00001001 0110. 0,11 1110
colludere Ρ. 100 0000ιί0000 01. 111. 87 , 80. 0000011101 8· ἱ· 7. 81)
001100 0111181003 10. 0, 801. 1. 1888 comperirem Epl. 11. 1, 77
11. Ρ. 1. 1. 18, 87 0000100010001.11.1,881 composui S· 111081 1113
collyria .i. 0, 00 committere 0d.i. 88, 81. 8.11. 0000000010 8. i. 1, 188
001001 00100001.11.11,18 1, 80 compulerit 01181, 18
001000 01. 11. 8,0 committer 8. ii. 7, 07 conti 8. 11. 8, 70
0010000 8.11.8,110 00001700 P. 180 000100 01. ir. 8, 18
dmm Ode 10 ⁸⁶, ⁶· 8011010 oommiss· ⁸· 1· ¹⁰, u mmmm. Od· 1· 68 9
80 0000010 S. 11. 8, 70. 1101. 'economum 01. iim. 81
00100100 E Ι.1.11,8 11, rr, 11. 1, 8. 8, 70. Ρ. 00000100 S. 1. 8. 80
00100 odi. 8,0;118,1;10. 170 00000100 8.1.1,110,118; 11.
10,1. 18, 17. 1101810. 17, commodet 801. 1. 1, 10 8, 800. 1101118118
81. 8. 11. 1,00. 1101017, commodi· Ο .111.10, 18 00000100 Ep . 1.7, 18
88 commodine 8.1. 0, 110; 11. 8, moedi P· 80.)
dolore 01. 11. 1, 8. 0,18 01 conceditur 1101. 1.0, 18
0010000 01. 111. 0, 87. 1101. 1. 000001οι 01. 118, 1. 1101.1.0000007001001.1.11,01
0,18. 10, 88. Ρ. 80 0,ος 11. 1, 887. Ρ. 807 00000000 8.1. 1, 110
00100 P. 880 00000018. 11. l, 10 oenoe-rerer 01181118
0010ιὶ100 01. ir. 8, 7. 0011. 0000070 8. 11. 8, m ooneereere P. 870
M) 00000100 8. 11. 8, 800 000010 8. 1. 8, 11
colubro S. 1. 8,18 0000000 01. 11. 10, 11. 8. 1. 0000100 8.11.1,Ὲ
colubres viride· 01. 1. 17,8 8,10 0000110 01. 11. 7,88
0010000 110. 18, 88 0000001 8. 1. 8, 00; 11. 0, 88. 00001]Ηο Ep. 8, 10. 8. 11. 8,
columban 01. 10. 1, 88 801. 11. 1, 108 71. 1, 80. 8, 87
columber 01. 1. 87, 18 00000010 1011 811. Ρ. 188 00001111 01. 111. 18, 11
00100101 1101. 1. 10, 0 0000001100 1101. 1. 10, 81 0000011001 01. 1. 18, 80
columbino 8. 111,οθ 0000001100 Ep. 10, 10. 11011. 00001110 01.1ι. 0,1
delumbis 01. 1. 8, 10 8, 18 00001000 01. ir. 8, 80, 11
uolumen Od. il. 17,1 0000110 8. 1. 1, 8, 10. 10,10. 00001000 1101. 1. 11,8
0010000 Ρ. 878 1101111, 100. Ρ. 08. 881 0000100100 801. 11. 1, 71
eulmen 01. 1. 80, 11 00000001 80. 8, dd 0000100οι S. 1. 8, 00. 10,88
00100000 01. 11. 18, 1. 1101. 1. comperet 8.1. 1, 118. 1101. 11. 0000101100 01. 11. 18, 0
10, 88 1, 80 0000100 01.111.10,10
001001 11 1.11.1,7 comperis 01. 11. 11,8 concitet Od. 1. 80, 10
00000 1. 81,ος 11110, 80 0οι0 010 01. 188, 11; 10. 11, 00001000 8. 118, 118
00000 01. 10. 8,11. 7,8. 10,8 . 1101, 1. 11011. 8,8 0000101000 8.1.1,10
00000 0110, 1; 11.11,81;0000011000 1101. i. 18, 77 00001000 8. ί. 1, 10
1118018. 11 .11,81 0000000081. 7, 81 00001000 8. 1. 1, 70
donee 01. 111 ss, 10. 110111. 00000000 1101.Ι ι 7, 81 concordie 110000 801. 1 18,
1,110 0000011000 .ιι. 8, 887 10
combiberet 01. 1. dmd 0000000018. 1. 8, 70 concredere 8.11.8,18
000οὰ0010 11 117,Ιο 00000011 110111. 1, 18 00000οί10 Ρ. 8oe ·
eomedunt 801 1. 10, 10 0000000001 1101. 1. 18, 10 concupiveris 110. 8,18

. mee 011.88,81;10.0,81.000 01. 1. 10, 88; 11.ωο0000018.1.0,88

0011001100]οο .ιι. 00110,οι ...080001οι

 

