INDEX. 484

numm (14.1. 11,4. Ι. 1. 00100 11011100 8 11144 0400011001 8.,1. 'M Ι

unffi? 1011411112 1οῗῡο 134191οΙ4111. 00, 0; 11. 0011.οω 011⁸«, ¹⁴* Μή

1101001οι 8.11.1,14. 801. ι. 1, 14 0400010010 411. 7,44Δ

.17;11.1,148 nympham 04. 1. 1, ⁸15 iii. 04000101 Ρ. 110

Numici 110114 l 18, l 040001010 801. 11. 1, 114

11010101 8 111410 nymphas 04.11.10,4 0400011 801. 1. 1404

Numida 4. 14οΙ, 4 00010410 04.1.4,4; 11111403 0410010 04. 1. Ι’.7, 14 Ι

,1113ῧοἚὲ 07108011100147ιι 1, 11. 7,4 040001108οι (1108οι414. 8011,
’ ιιιξιῖᾷι. 01 iii. 10, 0 ; iv. 1, 0 ἓξὲξῖἒῗιῑζὶῖἓι

nummatum 0011010 001111. 11 1, 10, 00. obsequio ,141101

nummi 8.11, 144 - 0. 8. 1 1, 1133:ss- 01001 8. 11. 4, 47. 7, 104.

8

4.
1.
4.

4, 0
00010110 8.1.1,0,14; 114184. 441. 41,1 14. 4. 8011410
Ρ. 411 4,1, 40, 74. 1414. 1². 14. 0400101ὶο E .17, 44
01110ιο0 8114100 14, 11. 17, 44411. C. ,1. 0110000001 Ep. 14, 14
000000111οι 4114140. 801. 8. i. 1, 4. 4, 4448. 0,11. 04011 4111117
11.1,4, 144. Ρ.1184 10,11; 111 41, 40, 410. 041110 04.ι.18, 11
0111111000 8.1 14404. 1,44. 04 04. 111. 1411. 8. 1. 4, 01. 04001010 8 .17, 44
4841141011 8 11. 1, 41414. 7,14; 11.4,111.040010110111110,0
44.18,44;11.1,10 1,14 11 Ι.1.1,1 . 414. 411. 0410010 411,ος ιι.1,41. 7,
m ’ 1,44;11.141.Ρ.110,404 100 “
nummum 801. 111, 174 04010101 04.11.4,11 obsorbere 811414
1100101401 801111, 44 044118. 1. 4, 40 040100100 04. 111. 10, 4 3 11. 0,
00101000 8.1.1,74 0440010 80144 44. 80141
numquid 8. 1. w. 4,41,140; 044010 8. 11. 4, 40 0401011110 8. 11418. 801. 1.
11444 040010 04111414 140 ”
nuno 0d·i· 1. 2122. 4. 011. oberrat P. 000 obsura 0. 11. 0, 00
10. 4, 0. 7, 41. 411. 11, 4. 040001 00110 80. 11,4 04010101 04. 111414
8.1.1, 18. 410. 44404. 04000 80111440 0401018.11,114.1,101;11.
4, 41. 0, 44, 47, 87, 104. 8, 04000400 8. 14110 4, 40
14. 0, 4. 1418; 1114170, 04140 04. 11147 obstet S. 1. 140
114, 114144, 410. 04000111 8.11,1 04110411 8 .17, 41
0100οι0 04601. ab& 010. 00000100.οᾈ110 0010100 Ι0811010,οῃ
ιο’ 1411. 1. ι’. 001111τῖ 3111ἷο 00111000 3110114111110
4, 7ος 11. 4, 04, 74147. 4, 04010010 04. ι11. 10, 4 0400000040 04111410
84. 8, 4, 04. 801.110,7.04]10104018.14114 041110 1104. 111. 40, 1ος 11.
. Ρ. 400, 447 objiciet 81484107 14,
nuntios 04. iv. 4, 00 04111001 8. ii. 8, 40 0401100001 8001, 17
00011001 04.1. 140 0411004.11.17,4 0401110111 04. ι. 4, 4
nuntius 04. 111. 7,0 oblectat Ρ. 411 obstringam 8. ii. 4180
1101011004 11011·.1’96
11, sl is.. ’0, ’1. ’0.11. aa· ..111ξο00 11011ζο1 0111 ’111041
SM, 144. 8 l. 1. 1, 081 0411111010 8. 11, 01 0410 01110 801004 ο
11 1, 77. 1, 1 Ρ. 41,041100181.1.10,40 obtulit od. 111. 1444. 818,
118 0411 00 .11. 411. 8011. 44
110010 04.111.10,1; 11. 441 14, 47 ’04101001 801. 11. 1, Ι104
00010111 “ 00 04. 11414 obliquum 04.111.11,7. 17,8 040100 410, 74; ιι. 4, 41
11001010 .4,04 041111 801. 1401 04101000 8. 11. 7, 41
nuptarum 8.1.4,17 0111110108.114,84 0000010000 8 .14,4
11000011 04111. 11, 44 0411100 801.,11.1,144Μ 00001 801. 111, 181
nuptiarum 04.111.11,11 , 04111110 00011010 04. ιιι. 4, 11. 0001401111 Ρ.407
11001100 04. 1 14, 7,· 111. 4, 8.1.10,17. 0011110 0001400110 80111 .
17 0411110 8. 11. 8, 00014010 8. 0. 4, 108. 8011.
00 0001 8114101. 7 , 10, oblivium .4, 70 1401 .
4. 80111140 oblivionem ,141 000140τί0 0411411
1101000 81404 0411010000 0 .11. 0, 44 000141 4001100ιο 801. ι. 1448
00111001 (1.8. 41 041111000 0111111 0001410 ‘E .14,”4
0011100 80111100 obliviscendus 801.111,0 0001410110 .. pl. ιι. 1, 118
0011101110 1101. 148 0401100100· 8 ,1, 48 00014118.11.4,144·,.111. Ρ.474
nutriri 8 1. 11. 1, 41 0400110 811. 7,8 · 000100 0010010 8. 0. 4, 144
0011110 11418 041000ιο Ρ. 480 0000110111 110111.τ 1411
nutrit· 04. 11. 4, 10 0410011111 8. 1. 8, 44 0001111010 04. ιιι. 1417 ι
nutritus 8.11. 4, 40. 80111104ιυί1 04. 1144. 1411 0000110 04. 1. 11, 44. 8011.
4. Ρ. 118 .0410110181.11408 1,80 Η
nutritur 80111411 04000001 0. 408 00011110οι 04111. 10, 17. 801.
nutrix 04111, 14. Ρ. 110 04000010801.11.1,117 07074 ,
nutum 8011. 18,11 0400000 8145 000000 04. ι. 14,1

4
4

 

