810 INDEX.

8.1.1,81. 8,81,1Β.1,11111118.1.1,88.8,70;11.1,11118.1.8,81
111, 11. ι, 111. 111111, 11 1111111 ..
81817 1111118.1.1,80 huten 8.1.8,88; ιι. 8, 58
11111 81. 1, 18. 8. 87. 18. 88. 1111111 Boi. i. ⁸5¹⁰ 111111 Ρ. 188
81. 1,11. 8, 88. 1, 81. 7, 111111 1111108111.18,1 11111111 0811.181
11. 88888 11. 8888. Epi. 111111111111111111111 0811188, 11111111 8.11.8,11
ohlisslffhlilfhloe 11181... 11 1111 11, 11 lfflss’ss‘} 1. 11,
111111111110811.11,8 11111111 81 1888 . ,n l
111111181 Bp. 18, 10 Hector 08111, 1ος 11.0,88 11111111,8ς.8,80. 11,oe
111111118.1.8,11 11111111 8. 17, 18 luo 081. 1, 18; ιι. 18,8; 1
11111111. 1. 188 1111111111 08.1118Ἇ . 111.1,10,188,87,11.
111111 811. ,81,81 1111111111 Ep. 17, 18 11818111ῗὲ17. 8.1.0,7 ;
11111111 §.il- 1, 08. Ρ. 100 118111081.88,17. Ep. 181 11810,
1111111 8118187 hodon 081. 8805 11.11,1.11111118.11.8,17
1111111 08.11. 818. Epi. 11. 8111888 11111111 081. 11, 1. 18,88;
1, 108 1181111 08188, ho 11.10,18;111.1,88. Ephi-
111 08. 11. ihm 1118,0,18,81Ι1111111111081.8,8. Rp. 1818
18, 88. 87, 88, &m 17, 18 1111111 .1.18,71
111, 18118. 118,οι 811111. 1111111111 081. 188. 1181111110 ,1.88, 18
8, 78 107 hiem· 08 1.1,1. now
1111111111 8. 18, 188. 1, 88 Helene 1111111108.11.0,18 8. 1. 1, 80. 1.1.18,1
1118111 0811. 188, 111. 0, 88. 111Ιί1111 Epi. ii. 1, 818 hiet 111111. .11. 8, 88
8 111888 Helieone moe 11111111 E ,11880
11 111 081818. 88, 1811. 1111111111 08. i. 188 1111111 hom, 108
11111118 81111119 333333'3333 llll⁸3i¹lh⁶⁰w 1111 oo
1 1 0 1 ⁸ 1 ⁸ 1 8 1
1111111111. Ρ. 181 1111111118.11.8,88 17,8; 11. 1, 81, 811.
heo, 8188, 1118810. 87, helleboro 111. 8187 hinnitum 01. 11. 1881
81, 811. 11111 Ep. ,87. 8, 87. 8. 11. hinnuleo 081881 ¹
1181111 08.1.17,0 1, 80. ,1.10, 10. 18885111111111111 08111818
Homo gelido 081. 180 1181 Hippolyten 08. 11. lm l
Hoenomoe 08. 1. mo 11111 Epi. 1.7,18 11111111 8.1.1, 10
1111111111 Ρ. 1⁰⁶ 111111 hp. 881. 81. 8, 8811111111 8. 1. 8, 87. 1,Ώ. Ρ. “
heredem 1111111111 10 880
11111811 8. 1. 8, 18;11.8,81,11111108. 111. 88, ll; 11.8,111111811.18,8.18.81
01 88. B ,8, 7. 8. 11.1,87.11111111108.11.11,8
heredi 0811188118 81111. 0, 81. 18,7 11111111 .18,8
11118110811.7,10. Epi. i. 1111111 08. iii. 18,0 1111111 Ep . 1. 8, 88
8,18 8111111,181.8.11.7, 78. 8111111181 Ρ. 178
11111111 8. 11. 8, 808 18, 18. 18, 80 hirundine 811117, 18
1111111111 08.1.17,87.88,10.111111111111111 0811. 188 1110811111 88; 11. 10, 8.
8.1.10,10 Homolen 08.11.888 81188. 8.1.8,11. 1, 88
unuh· 1. 1. 111 111111110111111, 111, 111. 111, 111 s, 11 o,
111111 08.111 8888 80. Ep. 17, 81 80; ii. 8, 87, 811.
hem 0811. 8, 80. 11, 88. 18, 1111111111 libor 08. 1. 8, U 11111 818100. 870
8. 8. iia. 188. 818811811111111108 111. 11.1; 11. 8, Hispone 08.111. 11,8
181. 810, 88101. 1111111. 86. 811817. 81111. 1,1 Hispone 08. 111. 8, 81. 8, 81
8, 178, 101 1111, 111. 811. 8, 888. 111. 88 111ρὶ8111 0811.10,8
11111 8. 1. 8, 88 5 11. 8, 881.111111111111111 8111. 1. l, 88 hispido· 081181
811111. 1, 88 herile 0111118888 historin Od. 1117, ὓ. 8. 1.
111111 08. l· 8, 0 herile· Bpl. ii. 88 8, ae
Hegea 8.1.8,10 herilis 8.11.7,10 historiis 08111810
hemo 8. 11111 Hermo 1 8.1.8,188. 0, 88. hoo 0811888, 11111, iii.
118888818178, 11188188, Helllliel 11111 8. 1. 1, 78. 108011811180811918881887,
118. 8188, 11.8,111. Ρ. ll 11111 d. 1. 181 80· 11. 8, Β. 8, 87. 881.
nimbo oo. o. 1, 11. up. heroos. 11 o, 11 opi. i. 1, ιι, 11. 11, 11, h
18,8 Herode· Epl. ii. 8, 181 l. 180
8111111111 08. 11. 8,18; 11111111 8118108. Ρ. 111, 887 hodierno 08.11.7, 17
888 heron 08111888. 8.11.1,111101.1111,11
8111111111 08.11.8, 18 180. 81111. 188 hodo 08. 1. 1, 18, 111. 18, 8.
Harpyiis 8. 11. 8. 00 1111181181818 8118111
herum 08.11. 11, 88 81111111 081. 8111 1111811 0818188. Rom
111 81). 8, 01. 8. i. 888 Hesperie 08.11. 1, 88. 17, Homero 811888
1111811111 0811888 80; 11188, 111188 8111111108.11.0,8. Epis.
1111811181 08 11. 1, 78 8111111111 0818888 10,8;11.1,80. Ρ. 71, 810,
11111 08. 111. 81 Hesperio 0811.18,18 101
111111 081. 18, 17 1111111111 1118111 homicid·- 811. 17, 18
1118 toi, 88. 8.1.1,81. 8,1111111118.11.8.78 1111111111 01. 11.8,8. 8.1.0,
ἐξ. ἑ, 77. 88. 800. 0, 87, 11ἱο8 1. 8, 87. 8, 8. 180, 33⁵ss 8, 180, 878. nol. 1
9 01 'On 1

 

