INDEX. 400

domus 00. 1. 4, 17. 7, 17, 11007111 0111011140 0, 00. 078. 011074. iipi.
108, 1117, 01. 1017, 1101100111 Epo, 17 1. 4, 8. Ρ.747
0, 71. 040110. 8.1. 000011 00111707. 8111.10010110011014.011070.
170, 11. 0, 114. 10011. 7, 0. 1070 0, 17. 11 111177. 1².oe
47, 01. 040. 1077. 10, 44, duee od. i.. 7, 77. 0, 4. 7, 77. 00101711 .p. 17, 18
110100 1017, 11. 7, 7, 111. 7, 74. 01111101 0114, 10
0110101 0011108. 1111000. 00111,ιο 100007 001111 001700, 11. 17,17.
0110118. 078 0001111 001107. 80010. 8. im. 0177. Epi. 11,
don· 00111. 077, 11. 047. 0, 74 01. 7,17. 1080
Epi. 10, 7. 7 ,47, 11. 1, 747. 0001101 11 17, 07. 8. 1. 0104 0011111101 8. 1. 04
00111711 0111010 00111011 .1. fl, 101 00101011 0011. 1,4
donaberis 00111. 107 000101 Ρ. 401 dom 00. i. 7, 17. 4, 7. 0, 0.
donandi 8. 11. 0, 70 01111111 01047 li, 7. 1070. 77, 10. 74, 7,
01111001 001100 01011111 00. 111. 007 &o
00111111 Ρ. 700 00010111 Ep. 107 domei· 00. 1114, 07. D, ⁸⁸
000011 00118, 17. 17, 0. 8. 01111111011110. 0011077. dommodo 8. 1. 4, 74
110177. Ρ. 470 -111011114 8. 117, 01 00011111 8. 11. 0, 47. Ρ. 77
00011111 00118, 1,7 dumo· S. i. ⁸, 11. 00. 10, 000 8. 1. 0117. 7,10,11. ⁸,
0011111 8 i. i. 107 00 108
“ 00111101 iip . ii. 7, 107 dooere 00. 1. 17, 17 , 111074 duobos 8. 117, 100. Epi. 117,
00111111 Ρ.470 11,14,117,0. 17, 14. 8. ιι. 04 -
00111111 8. 1. 0, 00 4, 80. 007. E 117, 71. 10, 0101101 8110177
001111 00. 117, 70. 01000, 48. Ρ.718, 770477 0001111 Ε 111070
11. 0, 00. Epi. 10, 77. 7, 70, duceret Epi. 1. 7, 77, 111740 00011111 ,10 7. 8.11.4,07
80. 10111 0001111 8. 11. 7, 77 (iun 001. 18, 7. 7074, 1117,
000111 111.1.7,70,11.1,17100111 00. 11. 1, 77.-,1011111 7078, 111707. 8104.
’ 00111010 701107 00117, 77 . 4, 4. 1177. 8. ’. 7, 40. 10,
0011111111 011. 11. 070 0011100101 00.111,71,111. 70, 07, ii. 7, 78. 018, 77.
· 00111018 111. 0717 1010111070 B i. i. 1, 77, 11. 1, 141. 7,
donavero ,117. 78 011011 00. 1117, 0, 1117070, 441ἱ
00110 00. 1. 0, 17, 111040. 1100 dore 00111000
010107.0,71,11.1,77.0001,111 . 71018. 8. 1100011111 011111. 077, 11040.
'⁸⁶⁰' P· ¹5⁵, ἀοι 380 1 376 S· i· λδ

” 001110 00111707 donibus 00. 11. 010. 80111. dorato 001107. 010177.

0011111 8.11.7,17 l, 10 11011. 1, 87
dom 00. 1. 01, 18. 8. 11. 7, 00110101 Epi. ii. 7, 707 0011101 00 111. 74, 70
107 0011110011 00111107. 8. duraveris 8. 11. 4, 77
donet 00111. 0, 77. 0. 8. 70. 11. 8, 77. Ρ. 710 (iuraverit 8. 1. 4, 110
1101110100 00111, verb, 00. 1. 10, 0 0011111 Ep. 10, 00
00011 Ep. ⁸,l⁸. 80111077 00011 00. 1. 4, 0, 111. 17, 0. 0111 0011 1,40. Epi. 11. 1,
dono 110117, 18 77, 47, iv. 4, 00. 0, 70. 8, 60
Dorium 1011010 11000 74. S. 1. 10, 44, 117, 70. 0011 Epi. 11. 1, 71
0011111118 111074 8111000007,1117100111 00114, 07. Bp. ⁸, 70,
dormito . i. 017, 11. 1, 7. Ρ. 71 17,10, 7. 17, 17
Epi. 1. 7, 70, 117, 04 0000 8. 1. 0 67 001101 8. 11077
dormitm 011. 111018 00001 0110107 doro 011111. 1071. 71, 14
dormio 00. 1. 70, 8. 8.11. 000110 0011. 17. 11 00101 mo
m 000111 0011 0. 77 .. 001010 0017010, 11107,
0010111110 Ρ. 100 (ionium 001117, 70. 8. 11. 7, 11. Ι. 7. 8.1. 047
dormitat Ρ. 700 00 00101 8. 1. 4, 7. 7, 0, 77. Epi.
dormitum 8. 1. 0, 48. 0 110. duona· 1101117, 1. 7, 01. 1070
Epi. i. 7, 77 000001 Ρ.77 dux Od. 111.’ 7, 7, 11 7, 077.
00110 8.1. 071, 11071. Epi. 000001 110141. 1, 87 0101041110, 77
11077 00111111 1. 111774 0011110011 ,70. 101,οο
001 00111. 74. 71 001111 Oi· 1111018
1101110001 8 .11.1,177 0011111 0011108
0011111101 Ep . i. 7, 71 001110 001117, 77. Epi. 17, Β,
001111 0011174,Ῑο 7, ii. 7, 98
0011 00111. 70, 00. 01000. 00101 001. 1, 7. 77, 77, 7411, SM, 110. 077. 0, ⁸), 77,
Epiri-⁰, ω 8ἳ,15; ii. θ’ 801 ⁷, „5⁸ 7771 &m
0111 8.1.7, 171 017. 70, 18, 11 17, 78. ap· 11 ι1814111. l, 47, 11. 1, 81. Ρ.
draconino. 11047 1, 8. ii i. 1. 7, 77. 101 ;
0111011100.114,11 11.],1 .7,0 110110 8. i. 7, 77. 104. lipia.
01111101 0011017 0011110 00. 111. 1,10,· 11018. 1, 70. Ρ.700
1110101 01111 14, 10 0110100 eudemum 0011107. .
duorum 8. 1. 8, 40 001111 00. 1010, 111. 8, 0. 11, 4, 77. 1010117.
001111 8. 117, 77 010. 707. R .7, 40. 10111001011070.11011008
dobin 8011. 17, 110 70. 8.1.7, 170. ii 111010. eorum 8. 11007
0011111 00. 110, 70 100. 0010101. 8.1. 10, 14
11110101 8. 11. 7, 107 00101 00117,Ιο 10, 70. 70, 111, 01108117, 71,οθ
dubitem 10111111 7. 77, 11 ξ 11. 1078, 11117, 111100. 1111010. 8. 1. 0 71 ,
dubito 00. 1. 17, 70 i. 17, 7, 11017. Bp. 047. 11. 7, 700

1111

 

