INDEX. 497

diffundere 8.1.8, 19 dimittitur 8 1,1. 7, 78 disjecti 8.1.4,88
4111111111.·11,1 dimovens Ο .1.1,18 disjunctum 8111. 14, ᾖ
41811118 1.1.8,4 4111111118.1.1,89 411 81.7,18. 811118, 8.
Digentia 11. 1. 18, 194 dimovere Ο4.1.88,7 9,89
digitis P. 874 4111111041118,81 disputem 04.11. 11, 81
411111. 04. 1. 9, 811 11. 8, fl. Dindymene 04.1.18,8 4111111 04.1.17,88
aneso Diomede 8.1. 898 4111111811 8.1.7,18
digitus 04.11. w, 18 Diomedi 8.17,18 4111111111 8. 1. 8, 78
d' 04.11.18,89; 1111184 Diomedis Ρ. 148 4111111111 8.1. 9, 47
Ι88111 11. 11, 89. 8.1.19,1111111104.11.1,89 displicent 04.1.88,8
781 11. 8, 49. 811. 1. 19, 48. Dionysi 8. 16, 88 displicet 811119, 47
Ρ. 188 dictu 04.1.9,8 41111111 8. 1. 8, 48
dignum Ρ. wi 4111 04111818. 81. 8, 81, disquirite 8.1Ι.8,7
dignetur 04.11.8, 14 89. 8.1. 9, 81 dissentientis 04.1118, 14
dignun 04. 111. 18, 81-1111 1. dire guendinis Od. 1. 8,1 dissentire 811. 11. 8, 61
,81 4111111141111 811. 11. 1, 19 dissentis 8. 11. 1, 79
4111114104. 18,14. 81111. 1111111111 cyeuum 04.11. 8, 88 dissidens plebi 04.11. 8, 18
, 184 direxit 04. 11. 9, 18 411114118 Ι. 1. 1, 98-1181 04.
4111118 11. 888 41111 81. 8, 89. 18, 19 1118,
digni 81 ,18, 88. Ρ. 84 411111104.111.89,4 dissilire 81. 17, 89
dignior 04.11. 14, 88 411111 04. 11.14, 89. 811. 14111111118 Ι.1.18,48
4111118111788. Ρ. 91 1,199 4111111111 ,1. 8, 49
dignissime 8 .18,1 dirum 04. 111. 8, 88 111111111.11.1,111.1,11
dignius 8. iili, 47 41111 04.11.8,18; 11. 4, 48 dissimiles 8111. 19, 8
411111 811. 1. 19, 49 disee 04. 111. 87, 78. 811. i. dissimilis 8.1.4, 118
, dignos 8.1.4, 88. 8, 81 17,8 411ιί1111111 8.1.9,88
dignoscere 8 111. 8,44 discedere 8. 1. 9, 8. 811.1.7,4111111111104.1189,17
8111111111 1111889 88. 14, 18 dissimuletur 811199
41 111 04.11.8,88 818, discedet 8.1.7,17 4111111111811.1.18,88
19; 11. 1, 88. 8, 4,8. 811. 1. 41111411 8. 1. 8, 98 dissipabit 81. 18, 14
4, 8. 7, 84. 9, 4. 18, 781 11. discedite 8.1.1,18 4111111118 . 17, 48
1, 818. Ρ. 188 discede 811. 11. 899 dissipet 0 .11.11,17
dignus 8. 1. 8, 84. 4, 8. Ρ. 191, discedunt 811. 7, 87 dissenistsiti 04. 1. 8, 88
488 4111111111 04. 11. 19, 8 dissocientur 8 1118, 8
Dii 04101. 11, 8. 14,Ι 19. 17,41111118.1. 181. 8111. 1, dissolves 111, 88
1s; 11.4,11.1,1; 11.7, 18. 48. 8, 8. Rue dissolve 04. 1. un
18,1. (1.8. 48, 48. 8. 1. 4, 41111114 811.11.1,Ι88 41111811 8. 118, 88. 8, 819. 811.
17 · 11.8,18, 191. 8, 4, 84. 4111111111 Odi. 18, 11 1. 18,4
1,11. lucca. 11,111;11.ω.11.1.11.1,11 ursone. 111. 111
11.1,1 8, 188. Ρ. 878. 411111111811.1.19,87 4111111 81 . i· 7. 48
urs 041. 1, 89. 17,18. 81, discet 04. 11. 89, 81. minu. distat 04· 11. 9. 811· 841· 8.
18 ; 11.7, 4. 17, 8; 111. 4, 81. 899 89. 8, m. 811. 1. 17, 44;
8, 8. 18, 88 ; 11. 8, 41. 0. 8. 41111 Ρ.889 118. 194
7. 8. 11. 8, 8, 188, 884. 8, 4111111111 8.1. 11188 4111111 8 l. i. 7, 88
88 discincti 8.11. 1, 78 41111111 818, 48
’1411111 041118, 84 411111111181.1,84 4111111111 .11, 119
r* ..uo 1111111111.
11111111 inereduli 11.11.ς.1111111.1.11,11
dilecte 04.118, 17 disee 04. 1. 8, 11. 8. 11. 8, distinguet 04.11. 8,11
dilectur 04. 181, 4. 89, 85 11. 18 411111111118. 1. 9, 88
4,18 discolor 811118, 4 41111191 8.1. 8, 47
4111111 04.11.89,7 disconvenit 811. 1. 1, 99. 14, districtum 1111819
dilecti 81111. i, 847 18 distuli 04. iv. 4, 81
diligeret 81. 18, 84 discordet 8111111811. 8194 41111111 811. 1. 8, 8
4111111 04.1119,8. 811.1.1,41111141181.4,8. 81. 4, 89. ditem 8 . 17, 89
;11.1, mo 7,18 411111111 ..87
4111411 8111. 19,47 discors 0411189, 88. 8114111111 81. 1. 88
diluit 8. 11. 8, 841 8,174. 811. 1. 18, 19. 84111118. ,7,19
411111 8. 118, 19 874 41111 Mycenes 04. 1. 7,9
diluviem 04.11. 14, 88 discrepet 04. 1. 87, 8. 8.1. 8, ditescere 811. 8, 19
diluvies 04.111.89,49 98; 118, 198 ditiryrsmbos 04.11.8, 19
diluxisse 811. 1. 4, 18 4111111118 111. 8194. 8188411111 S. 1. l, 49. 8, 91. 9, ⁶¹3
41111411 Sar. 8, 818 , discrepuit li 819 11.7, 88 ..
dimidium Od. 1. 8,8. 811. r. 8, 411111111 04. ιι.18,88 drus, 111. 81. 11. 88
49 discrimen 04118, 88 411 04. 1. 8, 48; 11.1,1. 4, ’ ,
4111111118 1,11. 8, 49 41111111Ρ.888 88. 8, 8. 18, 84. 811. i. 8,
411111181.1.7,18 4111118.118,18 79. 18,1. 19,8; 111198.
dimittes 11.7, 18 diserti P. 879 8118. Ρ. 89. titi
dimittere pt. 1.14,8 disertum 811.1.8,19 4111 Odi. 8, 1. 88,1; 111. 88,“
dimittes 811. 1. 11148 disertus 81111919 11889.. (1.8. 17 ¹
demittit 811. 7, 81 disjecta 0 .11. 19, 18 4111 04. 11. 8,1

O

 

