INDEX. 181

1111111 0111188 4 11111111 0111111. 81111111. 01. 111. 10, 8. 8.1. 0,
..11111111111111 m 11
11111111 (1848 11111111118.11.8,10 namt 01. 111. 7, 17. 8111. 1.
111111 01. 11. 1, 11. 81.1,111.1111.9,11. 8111. 111, 111

17. 1, 01. 8111. 11. 1110. 108. Ρ.07 1111111 8.11.1,1

11800 1111111 11111111 11111111011111111. 8.1.
111111111 81111117 1111118 .1,88 170. 811110
111111111188 mutilus .1.1,00 mnu 811. 1. 18, 10
11001111011111111011’9 11110..
1111111 8. 11180 ’ 11111111 8. 1118 11111111111101111.18,1
num 8111147 111111 0111 10, 10 nannenten 011111
nuria 811101. 118 mutu 01. 111111. Epi. 1. 7, numum 8. 11. 4, 80
111111101.1110,80. 811. 4, 80 1111111110.8.11

81. 8111111181 1111110111180 moetus Ρ. 180
muricibus Ep. 1111 111111 011111, 11, 11111 01114, 10
1111111111 111110111110 mutum 111 8.1.8, 100 11111111 8. 1. 8, 08
murmure 0111117. 81111. 111111 ΕΙ. 1. 1111 1111111111· Ι011110, 11

10, 11 11111111 .11, 10 81111111118101
111111 0111181. 811111, 11111111 .1. 10 11111111 8.111,01

10 Mygdonia 01. 11. 1111 811ιά1111 8. 11. 8, 84
111111 01. 111101. 8111. 1. Mygdoniis 01. 111. 10, 41 1111111111 111. 8, l

l, 00. Ρ.100 ιιι 11111111 01111. 1111 8111111111 1118171
1111111180. Ρ. 180 ynula 0118114 111111. 0, 11 11104. Ρ.
1111111111111 8111. 1. 118 1111011811.1.11,1 80
11111 01. 1. 0, 10. 11141 11. myrto 01. i. 4, 0. 18, 18. 81111111 8. 117, 88

1, 0, 87. 1118; iii. 8, 70; 1; 11. 7,11; 111110. 1110 11111 8. 11. 1, 80

118, 10. 81118. 8111. Myrtoum 11111011. 1, 14 11111181108

1. 8, 11 111111. P. 8111 11 0110171 11117 1111 01.111.11,1; 11180.

141811407 1111111 1111111 81117, 10 11171. Ρ. 01, 111
ιι111111111118.110, 118111. Mysten 01. 11. 0,10 111111 1111118ξ1. ii. 1, 187

ι.8,18 · 11111101. 1. 1, ¹⁰3 1114,
1111181111οὅ 18

nquam 01111110. 81111. Ν. 1111111 811100. 8111111,
unffi 11111... 1111. ..11111111

1148 88818111111111118.14,180 1111111 01. 11. 17, 10
111111 01181,ος 1111111101 01. 111. 1141 utun 8. 118, 110

8111. 11. 111 111111 11 1. 1. 11, 88 11111111 8.11. 8, 48
11111181.1.10,7 11111 .111.18,10. 81117, astuti· 01. 18, 18
11ιί1 011. 1. 18, 1; 11111. 10. E 1. 1108 1111111101. 1111

8111. 11. 101 1111101.11ι,11.11,1ι 11111 8 ι1. 17 .
11111111 8111181 Navius 8. 11. 1, 08. 8111. 11. 1, 0111010111 S· 18. 47
11111111111111 11 ampo· Ep· 1111-1111
1111110 1111111... 1.... ..101
11111111 1111180 nm 011. 118. 1111 111. 7, 11118 ,17.ῗῖ
11111110 1110,Ιο 81. 11180. 88,0; 11 110101 .i. 87. l· 28, 81. 8.1.
111111111440 1111. 117. 14, 1811111110. 1111111,
11111111 1111111110 18. 17, 41. .1. 1, 88. ”³
11111118111.1.11,87 01101111. . 11118.1.111;118,47. 11111.
,1113111111 ¹⁹⁰⁰ , 011111 11113 ’1 1111Ἃὲ1 1111111 iii. 5,42;
1111111 01. 11110. 1111. 11110. 8, 80. 1, 80, 40, ”Mb

u, 1⁸0 c· Β. ⁸⁹0 Ep¹⁸ i· ¹⁰¹0 61191 ss, ⁶⁷· 1) ”3 iio Natu 818161124

11 10. 10, 87. Ρ. 108 4,14. 11111117 111111111118111.1.7,40
1111111101. 111141. 8.1111111111111 .100 111111 011111. 8. 1. 0, 0,

7,Ῑο 11111 onyx 01111117 41, 41181 11. 2, 08. 111111.
1111110111111117,8.1111101.11.11,10·1111, 21805 101814· 222· P·

1111. 11111. 1111 11 .1.1,11 111 11. 117

11. 7, 04, 110. Epi. 1. 1, 01, 11111 8111. 11, 18 1111111111. 111 au. 8.1. 171,

100 umba· 0111121. 8.1.8, 88. 1, 74, 111114. 180,
mutatu 011141. 8118. 8. 80. 11111. 11140 118. 11101. 10108. 10,

111110. 1111111188 1111111111118. 8.1.4,8 18111.111.1,87,110. 8,
1111111 01. i. 810. 811111111101ι1110 178. 4, 1141. 0, 70. 7, 48.

88. 111184. 8111.ι.10,111118.117,1 74. 831. 1. 18, 1001 ιι 1,

81 1111111404 106. ,1011111408
1111018.1.ι,18.4.7 narrantem 1111110 1111110111111. 8.1.1,
1111111 1111111181. 100 1ιπ11181.11.1,100 101 11. 4, 7. 8111111115
11111111 01110 11111111 11111147 111188
1111111111 811. 118 111111118.11.8,01 11111111 8. 11. 4, 04. 811. 1.
namur 11111111 Ρ. 100 narrari Ρ. 01 10, 14. 11, 10

11111

8

 

