INDEX. ⁵ 667

. 161116 8.11. 1, 72. 861. 1. 66661616 8611. 12,14 86616166 06. 11. 17, 17
,41 121. P. 606 sosbiss Ρ.417, 466 666116161 8.11.176
66 iustius insanientis 06164, 66661661 86117,οθ 666116 861. 118, 64
g 5 111264 86616 8611. 111 scortum 06111121
1666666638. 11. 6, 62, 266. 861. Ι866111661ΕΒῙ11...1211111ἦ 661166 8ἑ1. 6, 665 116, 66
666166116666166 0611121, 14 6661116 0161111. 11,·62 ’018611 1. 112 δ’ 851 ³¹⁸ δ’ 86,
6661661166 8.11.166 sculpere 81. 8,26 6611661116 8.11.1,66 mcxi
1818111ιέ01ῗᾶιᾶ ii 8’296ῗ111111111111111111 1s rs :iiiii‘s iii?
..16 piscoso ...61166166 ⁹ ' 1611166. 166. 66116,
6661611 Ρ.466 6661166161 011. 11. 10, 22 16
saporem Od.iii. t, 10. 6111666661 06111. 660 6611661161 8111111665 11.
4,,64 666661106.11.16,21 110. 8611111011. Ρ.
66661616 rstions 8. 114, 66 66666661 061111, 66 600
Sappho 061116, 26. 861. 1. sospita 0611120, 62 66116666 Ρ. 606
,28 666118 ,2, 60 6611666166 8511111107
6616166 861. i. 1116 666166 8. 11. 1122 66116616 86. 11, 2. S. 1. 4, 16.
661661606.ι.1,11 6661661616 06. 1112126 0, 265 ιι. 1, 16. 861. 1. 2,
86161116 06. 1. 814 8666166 0611167 75 11. l, 111228. 2, 6166
8616160166116616 861. 1. 112 86661661 8. 1. 6, 46 scriberis 061. 6, 1
86166 melis Ρ. 676 6661616166 8.116, 71, 221 scribet 0616, 74
861666 8.1. 6, s 6661616 86112, 16 scribetur 8 Ι. 1. 16, 4
Sumenti 8. 1. 6, 62, 66 socieris 06. i. 22,1. 66, 66. 8. 661161 Ρ. 76
Sarmentus 8. 1. 6, 66 11. t. 64. 6, 208, 270 scribimus 861. ii. 1, 117
6611616616 116 861. 1. 6, 61 socierum 66161161 06. 111. 24, scribis 8.11.6.1
snt 0611. 626 60 66116118 tisis
satelles 061118, 64. 8611. scelests plebe 0611117 66116166 1)
117 scelestus 06. 11111, 110 661166 861. ii. 1103
6616111166 06111160 scelesti 86. 7,1 scribuntur 8611112
6611616 1666 06. 1. 2, 67 6661661616 06. 111 2, 61 6611616 8.11, 120. 86111. 1,
661116 8.11.1,1 socius 06. 1. 2, 20. sss· 111. 116
usur. 6. ιι. 6, ss. .. 1166. spa, 16. s. 1. 6, scripsere ιι 1116, ms
6611606.1.16,165,ιι.16,16. 212 scripseris .687
16, 14. 8. i. 2, 62. 4. 41. 6, 66666 8. 11. 1, 71. 861111, scripserit 061. 1114
685 iss, 176. 4, 46, &c 206 scripsisse 8.1. 10, 60
’ 5 111. 1, 26. 6666168 .1.6,41. Ρ. 126 661166118.1.4,67
86. ,1116666616 ,181230 6611168. 1621176. 10, 10.
1 , . ‚ .16,ωι.16ρι.ι.16,ι6.66,11 11.1,Ε11ἶ61ηω’42ῐ
’ ⁵ s'pi' 19 11 .' 111161161111161111613111ἓῖ ⁰ 111. i: 111 1, 166
. 66.10,46.17,1. 18, 116 Ρ. 120, incuss
111. P. 00, 416 66166061 E .17,1 661161616 8 1111268
661661 somus 06111116 scientioris 6. 172 scriptorem 1.1.2,1
66161 8. 1. 1110. 861. 1. 7, 6611166106. ι. 67, 605 ii. 14, 666ἕὸ16166 861. 11. 160, 100,
66 05 111126. 24, 625 166,
8616161666 6666116 8. 16, 60 6. 8111275 11.1,70. 2,661161611Ρ.646
861616611666 8.11. 6,6 66. 6, 166, 240, &o soriptoris 861. 11. 1, 62
8616161 0611110 suimus 06. 111. 4, 42. Ρ. 11, scriptorum pl. i. tn, 605 ii.
Saturnius 861. 11. 1166 276 2, 77
Saturno 06. 1. 12, 605 11. 17, 6616661 061. 17, 27 scriptorum, 1181112
26 6616661116 06161122 6611616166 .1. 10, 76
8616116 061161. 8611861616666111166811172 661616 11116 861. 1166
10,4. Ρ.266 8616166616 8.11.1,17 scrutaberis 861. 116, 67
Satyrorum 861. 11. 10, 4. Ρ. 66116 06. i. 11, 15 16. 4, 22. 66161616 8. 116, 276
266 8.14, 675 11. 6, 62, 67. E 1. 6661616111 8. 11. 6, 24
8615166 P. 221226 1. s. 2. 10, 665 11. 1, so, ii. 666116 8. 11. 7, 16. 861. 1. 16,
86151661 861. ιι. 2, 126 1106 26
6666166 06. 1. 14, 65111. 10,661161861.1.17,14 6661116 S. ἰ. 6, 62. 6, 115 11.
15 6616816411. 8611117. 166. 86111114
6616061111251111610. 111611. 17,1. 16,66. 2166611661 8.11. 122
2162. 8.16,25. 17, 64. 7. Ρ.20,462 6661166116 8611112
861. 1. 1, 10, 7. 1160. 6611 06. 11. 7, 17. 1. 1. 14, 6661116 8. 11. 6, 220
Ρ.606 445111167. Ρ. 66, 616, 6661161 8611 17, 10
66616061. 12, 205 111. 16, 671 6661166 8. 16, 110
16. 8 ,6, 07. 8. 1. stru 6611611 861. 1. 7, 60 Scyllum Ρ.146
1111 66666 S. ι1. 4, 81 scyphis 061211
suso 0611. 16, 205 iv. 6, 7. 866666 061616 scyphos 8 .0, 66
8. 1. 6, 10. 6, 605 11. 6, 00 666616 8. ii. 4, 81 86 1616 06. 1. 8605 1111121.
666616861100. 8. 116, 76 66666116 06. 111121 ,0. (1866
6666616166661 8. 1. 10, 71 66666166 Oti. 1. 6, 26 86511166 061. 10, 10

,66

 

