110 11101111. ³

1110111 8.118,93 neoto 06166118 negotonpd.iii.⁸,81. 81111,
16113171, 11, 111, 1 311111 ῗίἶῖἧιω ι.. ’0161111111 11111. ’
8.1.6,63. 6,8,61,66,36. 0101110 1616 ,116666 ..
1681, 11. 3,8, 118. 1,11.0.01.1111.ι.11,11 11 8.1.8,11; 11. 1,88.
80111616 nodum ,66 01116193
nove 601. 11. 6, 669 ..1101116011110 nepotibus ΛΜ
011110, or 1111101, 011. i. 86, 8 10111 0111. 6, 66. 11,1. 18,16. 01001001 0 Ι11. 18, 8; 111. 17,
8.1.1,6. 110111116311. 6166. 87,6; 111691 111. 1. 1111111666
1,196 4, 68. 64, 61, 86; 11. 6, Ἠ. Neptuni 06111666
11111106.11..18,61. 8. ii. 6, 6, 17. 1186. Eposo. 16, Neptunius 601 811117
...Ῥάμξρ11111110 ..111111110111111 N‘f'm 0ᾶίῗή ω’
unibus 06. ι. 6, 6. 16, Ι. Ε . 0111110 611 0611. 18,1 Neptunum 06111. Β, 16. lupi.
6,8. 8011. 11, 28. 661 1101111111 611646 1.11,16
naviget 8. 11. 3, 166. Epi. 1. negaba S. ιι. 6, 166 Neptunus Bp. 17, 66. 1168
16, 71 nephin· 1111111 nepum 8. 11. 7, ΙΝ
0111510) (18018151,ῗὲ ¹ π B Ἢξῖπι 8. 11. 7, 64. Epi. 1. ”ram 611618. Bpl. 11.
Ἢ. 111. ’1111.1.’1101’“’..ς.’... 11111 1. 011111. 1, 11 11
ωἱίιὲιςαιὴῆὀζιιὶι. 1111487, 111. 0111067116, 31. 8.1. 6, 96868168. 1116. 12,61. 16,
· .n. . · . · . . ο·
0116106116115 11.11,11;..ς..8.1.6,1 000011016111,
111686 uo 11 06. 1116, 66. S. 1. 6, 0000111611. 6,
0111111 06111. 61,11; 11. 6, ,161; 11. 6, 669. 1101.10000108.11.1,7. Ρ.87
16 6,11.7,66.16,4 1110000018.1.6,77;117,1ὕ 1
1111111 E ,16, 16. 17, 64 11 06. 1. 66, 66; 111666. ne uid 11101 061 3, 61. 16,
nuvium 61111616. 11111, 1111110181 616. 8.11.7,67. 8011.
1.1,17.6,16 nepum 8. 11. 6, 67 3, 86
01011101 E ,6,36 0131111000118.1.1,76 000011108.116,78
:no {ff-N. . 11· 2⁷· ³· 2,
ι u 5 μ o 1 ι 1

6, 16, 16 1113111111 66. 111. 16, 61 nequit 8.1.1, 167. 4, 86
0101061661. 8. 1. 1,66.0 10616616. Epl. 17, nequitia 8.11.8,644

6,11, ,16,66. Ρ. 166 01111106.1114,78;16,8.
0101101 volu 8. 11. 3, 166 0131111 1181. 1. 16, 19 1 111111

110111 061. 16, 67. 68, 18; 0111110011 .8.66. 11011.18,0100111118.11.6,181
11161. Ep. 16, 7. 17, 69. 86 811016000011106111 Β, 18
1111, 11 00311011 06. 111. 6,7 11111100. 1111168

uo 061. 6,6, 17. 8,16. 11, 01111061 8. 1. 6, 67· 11. 686 Nereus 0111166
1. 111. 1111. n ,11,11. aponum 011111. 11111 neno 1111,οο
lom. 8.1.1,11, ,19,78, ,66 Νετοο1106.11.1,68
91, 16, 169. 6,1. 77, 87, 66, 0031101οι 061116, 66 Neroni 1101. 116, 1
166, 161188, 810. negligens 06. 111. 8, 66 Neronibus 0111111

uo, 100111. 06. 11. 6. 61. 8. 11. negliget 06. iii. 61, 16 Neronis 6111 1. 8, 6. 6,4. 16,
7,6, 61. 11111111,111,.ο.11ς110116,10 66

unzi qn& 11 ’11 11816 11111161. ΜΨ 1161411*

1111... ’.111111 ..οΚ 11101111, 11. 1. i. 1, m· 6111 11, us 11. 111,

..1 1111· 1· ⁶³· 0·

..1.1.. 011111οξ1111016160’.1,’1 ’¹¹' ’ ...10111111

01101110 06111. 16,6 01301100 ,1116616 nemu Ep. 16, 19

nebulonem 811, 164 01100 8.1. 1, 1, 87, 168. 3, 68. nescia 111101 061116, 17

nebulones Epi. i. 6, 68 1, 66. 6,·6, 167. 6, 16. 16, moin 10, 810. 01111, 13

0160100118.16,16 41;11.7,34. Ερ11.1,69;00101016111641. 1³.ss

010061.1,19,66,83.3,16, 11.6,13 0110110 01006166
14. 1,4,18,16. 6,6,7,8. 7, 0110011 06111666 001010 016 0611161111. 8.
16, 610. .. 1110101118.11.6,91 19, ,1661 11686. Bp!-

01016118.11.3,668 0110010006.1.61,6,111.Ἡ, 11.6,86

110111 8. 11. 7, 68 1 13 1..1,11 nenio· 0611616

mm? 1011 ¹⁶ m '¹⁰3¹ 1Ε ’1111 11111111Ἳωῖ18111ἰ111“’111ι11ι”ῗ’1“18

11.... 0111110 .. 110111 1111, 1111 , 11. 01111111 ’

Ἢ. 81111 ¹¹¹ ' '¹' π’ u' „eff-⁸· 01. 1 1, 1οζ 11, 1. 111 ΨΑ. 1011111111Ῑῆ

0101111111 061636. 66171 19, 6. 17, 9. 66, 13; 116, ,666
111111. 616 86. 11.6,6 1101.1.16,7;111101010616, 11. 8.11.8,

01011 ,7,18 ii. 1, ,6, 77 166

nentur 6111616 1100101106.111.16,6 8111101001111.17,86

motoris 06116161 1113, 84 oe Ι 011119, 1. Bp. 1, 81. Nestor 11311. 1. 111

1110111 1111111661 ,1616 Neston ,1. 1686

 

