840 INDEX.

1131111811718111118, 3⁸⁸8. C. 8. 70. 8111111, iliam. 14108. Ρ.78,81,
prumtis 81111. 11, 14 1111811111 Ρ. 800 prinu· Od. 18,.181 iv. 841,
111ι1111111.1.0,40 1118180100.1.84,17.88,881 111184. 8111881 111,
11ε11ω111117,07 11. 8, 18. 8110, 80 08. 4, 78, 74. 8, 81. 1.
11111111 0 .11. 188 11118111· 01117. 81181 iv. 148. 1188. Ρ. 180,
111118181187 18. mma 1111811100.1.8,80;11117,
1111111118.1.8,117 1111811181).1,88 7. 00,18. 111111. 10, 81
111ι1111111118.118,87 premnt 00. 1. 810 1111181111 011181, 14. aptis. 1
,1811101111 1801 1111111111 1111111118. 11180 1880

184. 0, 18. 11881 iii. 87, premunt Ρ. 888 1111181111 limo 01111118

81. 8111140. 8.ἰ.8,04,11η111111081111110111118 111111111118111.117,88

111818. 1111181111011111118 principi· 011118, 18
μωψ1101118111118,11 1111111111Οο.1.4,10. 8111111111υοί ium 01111110. M.
1111111111 811881111170. 70 0,8 Ρ.800

188. 8, 71 1111111108. iii. 80, 80· 11.8,111·118111ω11110111υςη1υο8.
putem 1111111, 111,- u. 1111111. 11111, 11. 1111111

78 88;11.8,118. ΕΝ {mor 01111114. (18.81.
1η411ω11100.11.7,4, 1111111111 0111114. 81111. 8.1. 8, 801 11181110.

848 180 1111. 8, 87. 7, 081 111,
pretereunte 01111181 premuntur 811111. 1, 181 ⁶⁶?
memmium 01111188 1111111111 mnu 8. i. 0, 84 1118111111 8. ii. 8, 80. 8111118,
preterit· 8. ἰ. 0, w 11111111 00. 11. 10, 8 87
preterit·- 811110 1111111 00, 1. 14, 10; 111. ΝΑ. 11118111 00. ii. 8, 181 11111,
11ι11ι11ι11.1.8,18 nm. 110. 8.11.4, 811118. 1111111814
pratum& (81 . θ 11111111 01110118. 8111188
1101018111181818. 8111111111 11.10,88 pm 01111117. 81118

11184 proni· .11. 8, 814 8. 14, 8. 10, 18 ,
1η18118.18,84.7,18. 111111111111111 1111111187 prino: mi Ρ. 814

11108 11111118.11.8,40 prinei 011118111. 81118.
protom 811108 prem 0111818 1180

pretorius 811180 prmum 00. iv. 18, 14 11111811 Β Ι. 11. 8, 117
praetulerim 8111111180 pretio 01111118. 8. 1. 1111110801 11. 8, 81. 81111.
11ι1111100.11.0,41 188. 0,14. 11111. 111178. 1111

111ο11η111111 818. 88 Ρ. 878 primum 00. 11. 8, 48
1111101111 811. 8, 848 pretias· E 1. ἰ. 18, 88 1111111111 pudor 11888

11ηι10111111111ἰ.17,’18 protimus 0. 1111188 1881111111
11111011 811188 pretium 011111. 10,8. 81841 111111 trinnis 81111. 108
prum Ρ. 840 11.8,18. 8.1.8,104;11.8,11111111 01118181
pruni 11111 11. 1111. 1. 11, 11. 11, 11. prinu· 1111. 11. 18
1111111118.1.0,187 11181 11. 1, 88. 8, 17. Ρ.111“111111111·11 Ρ. 181
11111100.1.4,4;11.18,8.1111. 800 11111111100111118. ΡΜ,
8, 87 Ρ111111100.1.18,8;ἰί18,80, 807
munibus 8. 114, 80 401 11. 0, 18. 8. 11. 8, 108. privato 81188
1111111 011111. 18, 11. 87, 80. Ρ. 187 primns 0111111ῧῖ 150⁸·
81111118 Ρ11111110111Ηω11118.1.7118 80. 8.1.8. 148
prato 111111. 14, 80 Primus 00. 1. 10,14. 8118, pn'vet 811177
11η1100.1118,8. 811811 108 · 18111111001184,18
11. 8, 810. 7, 71 Priape Ε .8, 81 privignus 11111 1 8,8
,m 1,.1. 111111 11111111 prin· 111. 1. 11 11
1111181110.111111114111111111111. ,48 Ρ.884 8,1. 88,

imm· ms 11111118.11,80;118,08.8, iii-l, 3 1111
111001111111. s. 11. 1, 11. 1, 11. 11, 1, 11. 11111. 11. 1,
ω. Ι n ,11111411 ⁸1²⁵· 7151 18, ¹⁷3 ¹¹⁸⁸ ι fl 9 1 ο

,131111111ῧὶ ¹¹‘⁷'⁸ 11111191111611111141- 111 m ‚ ' ³
1111181111 8. 11. 8. 844 11101188111.7,18 pum 811. 8,11

11111111 8111188 pruna 01111181 pro 00. 111. 8,18. 0, 11, 18.
prum 8. 1. 4, 70 primun 81111110 10,8; iv. 114. m 8.1.
1111811111θο. 1. mo. 081111111180111111 00.11.7.8 8, 10, 48. 8, 011 11. 8, 188, ’
8 1111111100. iii. 18, 8. 8114, 810. 7, 10. 81111188. Ρ.
1118111811118,100 18. 8. 1. 8, 00. 4, 801 11. 488

111010811180 8, 71. 8, 0. 8111. i. 8111111111 Ρ.870 ’
1111811118.118,808 88 11181118 .17,40 1
prece 0111180. 8110. 8111ῐί1011 01111118. Ρ. 188 probum 111. 2⁹.ss

6‘5 1118111 iv. 8, 88. 811. primore· 8. ii. 1, 00 1111181111 0111. 8, 10

17, 48. 8. 111118. 811.1.11111118111111111)Ι.118,804 probum 81111188

0, 8. 18, 18. 14, 141 11. 1, 1111111111 01111. 14, 81. 8111118811 0.8. 18

188. 8, 118. Ρ. 808 801 11. 0, 81 1108118111111,808. m
proceris 8. 11. 8, 78 primum od. 188,8; 1111111811. 11111 1. 17, 10

prem 011111. 1118. nb& 8.1. 4, 80· 11. 8, 41, 8011118817 811188. 1188
1111. 1111111111. 1111111111. 11, 11, μοι... c. 1111. 111111

 

