182 INDEX.

11111101.111.26,15 1111111888 1111111101.111.5,19. 81111,
nulum 01. iv. 6,16. 1186 1111111118.11.2,12 11

Aule S. 11. 8,171 Austri 01. 111. 27, 22, 8. 11. 2, 1111111111 8. 11. 8, 218
Aulide 8118199 11 habite 011821
Aulon 01111618 Auum 8. 1. 1, 6. Bp!- 11. 2, barbiton 01.1.1,81; 111. m
11111 P. 871 292 Buri 1111111111κωί S. i. 5, m
1111 01 1. 2, 48. 82, 18, 118, Austro 8.11.8,6 Barim 01. 11. 11,2

21, 111. 29, 61, 11. 2, 25. Ep. Austrum 01. 11. 11, 16 burri· 8 .12,1

15,9. S. 11152. 5,98. 811. 11111 8. 1. 1176, 11.1,62. 8, Barros ,118

11115. 1888 189. 111111, 111222. 811111 8.1 1119. M)
11111 01.1.5,11,111.2,26.1, Ρ.212 81111111 01.1.18,11

8. 11,19. 0. 882. 8. 11. 2, nutem 811. 11. 1, 199. Ρ. 58 8111111 01. 1. w, 11

79 11111111 S. 11. 8,15 8111 111 81119
aurarum 01. 1. 211 1111111 81118, 11. 1189 1111111111 S. 1. 5, 85
aum 01. 1. 28, 8. 8.1.1,19 11118.16,8,181 51151181.11.2,121
1111 01.11.18,82. 816, 7. 8111111 . 1, 21 1111111 01. 11. 8,7

11. 8, 289. 6,11. 878. 1111111111 ,11111 8111011182)

11.1,187. Ρ.271 51111 1118111111. 0. 8.
11111011.5,9.19,19. Si. 59. E 11,2,11
2,111.8,)1.1.12,28 8. buta· 1.11.6,21.19,18,111.
norw 01. 11.8,17 211, ll. 811125
tuream 01111115 BABYLONIOS 11111111 01. butun 011111. 2119

111111 01. 1. 81, 16 111, 2 betto 81111 01.1.1,11.-81ε·
11111181. 1,22. 9, 8, 11.],1111101.11.6,16. 811162 111118ρ.9,1

19. 2, 91. 5,91. ρ1.1.1,7,1)111111 8. 11. 8, 211 11110111, 18, 111. 8,89,·

16, 111127. Ρ. 186 5111111111 01.11.7,27 11.9,17. 8.11.6,71. 8,1. ,
aureo 01. 11. 18, 26. 12, 29 8111111111 01.1.25,11 8,)1.11.1,189.2,168

aureos 01. 11. 2, 28. Ep. 9, 21 8111111111 01. 111. 25, 15 bethor 01. 111. 9, 1. 16, 82

aum 01.11.1,18. 18, 88. 16, Bacche 011. 1. 1116, 111. 8,18. bottis 01.1.29,1. 8.1.1, 19
8,111.11,8. (18.72, 8.1. 211. 8.1.8,7 8111181111111
16, 16. 81111817. lm. Bacohi 01. 11. 19, 6. apl. 112, beatorum 01111218 ,
11176. 2112, 11. 2165. Ρ. 78 beatum 01111128, 111.7,8,
258, 887 Bacchius S. 1. 7, 16 11.9,15. 8. 1. 1,117. Epi. 1.
aureum 01111. 18, l. Ep. 16, 8111111 01, i. 7, 8, 11. 6, 19 6,2, 17. 11, 16. 16, 18, 2·

61. 17,11 1111111111 01. 1. 27,8, 11.19,1 beatus 01. 1. 27, 11. 11. 18, 11.
’18114211122118120111121. 1288121218
,, ¹ ,.,. .ι., ιι.,., .ι.,.
ff .J.⁷.·3:.;0:“.3f..;==.35.....
urpu=oe ssu.. ἵ, 8781 gugtuaoFS.¹ 11, 1822 111111 111118. 11, 111Ι
issssssffisssi‘ossw. 1391. 11, 111111 11111111111111 1η1111111”;11.11,’1ζ 111τῖ
58 1111111101.111.29,1 1111111. nm 11158,
1111111111 811118, 16 . 8111110 S. 118, 1161 1117, 162. Ρ. ΒΑΘ
11,ἰὲ 01. 1. 15, 26. 8. 1. 1, gammo 8ἐ11, 89,221,88 mum? (ὲέὥΙ, 7
11 11.1., ι ,11. ,

nuris equi 111 in 111 frenato 811111οηί S. 11. 8, 88 1111111118.ι i. 1, 1811

8111. 15,18 11111 S. ii. 8, 271. 811. 1. 26, Bellerophonte 01. 111. 127
111111111111111 Ε 1.1. 11, 18 18. ι 811111111111111 01111. 11, Β
1111111111,1111111111.11118111111111 11111111111111111711111 ¹
11111.1111’11’111“Ἰ”Ἰ’ 1111111111111111. 11, 11. 11, 11111161111111
nurum 0111816, 111819. 15. Ρ.298 1111111111 011118, 57

16, 9. 2118, M. 89. 9, 8111111111111 01.111.18,1 511111111101.11.11,1

11. 8. 11. 8, 166, 169, 215. Bantinos 111111 0111111, 15 bellis Ε .18,1. 21111111

811. 1. 1,,12 barathro 8118116 beno 01. 1. 12, 12. 826, 11.
1111 01. 1. 87, 21 humbrum EpLi. 15, 81 161111.
11111111 8.,11. 7,1 barban) 8. 1. 8, 188. 8, 12, 11. 8111111 8.11. 8, 228
111111111111 1111111 11111111, 1, 11111. 1η111.1111111111 11111111,
,11111111 01. 11. 1, 56 81111258 ⁸ 76
111111 01. 111. m 11111111 0111119, 11127,66.1)111111 01. 1. 12, 28, 111. 27,
1111111111 01. 111. 6, 16 Rp. 5, 61 27 ⁰
auspice 01. 1. 7, 27. Epi. i. 8, gargamssdsti. 6,84; 11. 12, 7 “gu-⁰¹ Od. ii. 7, 15, 11181
111111. 111. 11.,55, 123 iv. 11, ξῗ,11110(1,111,1ζ’ἓ1ἷ1 Μῆ111111Ξ111ζ 111111ἑ ⁸⁸
,1111111111ιῖ ,.,.ῳί 11,,111111111111 111111011111111111111,11. ᾗ
{Se-‘llfffflnsfss 1111ἔῖ 111111,ξὲιῇ ,11,1111 ii. 11, ΞΣ 10311411 7ὲ,ῗ,’,4ἒῇ 1

 

