022 INDEX.

11111 001101. 0, 20. 01, 1101111111 8. 100, 0100. 011. 1111110111 00111000. 010,

1111111010. N, 11. 01. 12020 00. 01111127

ms. 011108. Ρ.201 1101101118.11.0,281.7,12 1111111111 8.10,81
10111 00. 1. 100 libetur 8. 11. 0, 122. 0, 71 Ligurine 00. 11. 1, 00
111111111111 01108 1101110001.02,0111.12,10111111111111101111100
1111111111 011102. Ρ.002 liberum 11110000. 0111111111111011170
levi 0020 100 “ lirum 0010010
111111111110, 001. w libet 00110 01 111. 20, 101111111ιο111 Ρ. 201
111110011112111121. 0 ,2, 20. 8.10100111.0,1111110111.10,08

Ρ.20 ⁸ 011 01111000. 7,10,00,Ι1111111118.1.10,00
levior 11111111 001110, 22 70 limen 00120, 01 111. 0, 10.
11111111 0011111. 8.1.0,Ι101011101.1000. 01112, 011. 1. 10, 70. 0,00

00 ,10 11111111 01.2,8. 1122
11111111 1111111 0011100 1101011111 0011.12,8 11111111 1111101000
111110 11110. 0 .100011010111101118.11.7,07 liminii 00011001
10111 001. 1110. 1 ,9. 20, 1101011111 01. 0,οΙ 1111111 rr 111 8. 11. 0, 00

101 11121071 11. 0, ae. 11 ‚libidinosus 01.10,Ἇ limites 011. 18, 20

10, 00. 8.11. 000. 7, ‚libidinum 0011010 limitibus 01111. 2, 171

011 11. 1100110 11010100 12010. 8.1. 11111111 0011010. 011.ὅο
1111111 0 .11 1, 01 0001111 11. 0, 07. 0111110111 8.11. 0, 00
11111110 .i. 2110. 011119, 1001111107 11111118.11.0,00

78. 0111101οθ libitia· 01111102 linet 01111070
lex 01111022. 0 Ι.1.1,021111011111118.110,10 linenda 110111 Ρ. m

111, 102. 2,1. Ρ. 1001101111111100111.00,7 111111110011100001. 8.1.

280 libo 1111111111 0117, 102 1020. 0111100. 111101
libr 11111111 01111010 1101101111.1.19,8 iiam. Ρ. 00 luam
11011110 1011011007 11011 00. 11. 17, 17. 8.1.0,1111111001118,0.12,0111.02
1101110 .11.0,20 001 110150 lingum 011. 1. 0, 20
libelli 0 .0,00 librarius Ρ. 050 linguis 0011112
libellis 0. 1. 0, 00. 011. 1.· 110111 8. 1. 10, 001 11. 1, 21. 0, lino 8.110. 00

im 01. 01111 1211180 linquar 00. 1. 2000
libello 8. 1 10, 02. 011. 11, librorum 11111 011.1.10,10.11111100.111.οἙ

07 10100 linquenda 1111111 00. 11. 10, 21
11011111 8.1.0, 71. 10, 01 libros 001. Β, 10. 01. 17, linquere 0011110, 20
1101111 00111120. 0, 20. 0. 01111120200 1111111118.1.1,11

1111111100 librum 01111001 11. 12211111111111 00. i. 00, 20
1101111101100. 100101. Ro 1111111810, 70

0, 00. 0 111120 110111110010100. 0111111111 001. 10, 01 11. 12, 2.
110110111111011020.0111110110111101 , 011027

111202 11101111 00. 11110 lintrem 8. 10, 20
11011111 ambus, 001. 12, 11101111 001 110. 011110, 11111111 0111. 10, 01

22. 071 111071 11121, 1 11111101101207
211 111100. 0.1.0,80.1111118.11.0,000. 0000 1111111111οο0 00111110

11111. ι1,1; 1111 riceii 01. i. 11111. E .1⁵, lippi 111111
11111,.11,1.1.1,111.11.111; 11. 11111, 111. 1,1 . 1111111111111 11111.

11. 7, 0102. 01111 1, 107. 00. 0 11010. Ρ. 00200 ,02
1000. Ρ. 211080 1111111111 11200 1111111011.1.2,02
11011, or 11011,0111.20,1.11111111001 12, 0. Epi. 11. 111 1101121001. 01111.
Ρ. ,1,100. 101211 ’1),20
11011101Ιί11 011020. 011.111111111100.11.10,10 111111110200
1. 10, 21. .80 licentiam 00111. 2120 1111111111001110
1101111 torti 0011. 10, 18 lieet 00. 11. 11, 101 111. 20, 0. liquescere 8. i. 0, 00
11011111 11 001112112 27, 10. 20, 021 11. 11, 00111111 00111. 2102
libent .11.7,20 0 ,0, 0. 8.1.1,10.2,01,11111101.·01111 00111120
11011100.1.10,7;11.10,20 ss 0100. 0, 10. 07011111111101111 001210
11011101. 17,οῚ ’ 001. 0111022.10,70.1111111018.1.1,00. 0111114,
liberior 01111000 1100. 11000 00
1101111118.10,102111.8,27 11111111 00. 11. 101 Ι 0111111101.11,1; 11.8,7
libero 00. 1. 07, 11 111. 0, 22 1111111111 P. 001 liquidum 00100201 11202
Libero 001110, 7 'Licymniae 0011. 101020 1111110111 011.112,0111.2,120
110111101111101.2,00.0,0 lictor 00111010 “ 1111111101.1.11.10
1101111111 01. 0, 10. 011. 1. 7, 1111111011 011. 1. 7,0 11111111 00111100
311 henim 010, 14 liquorem 00. 1010
1101111111 0111101 nouit Ρ. 00 ’ 0111111 00111. 118
1101111 8.1. 100 ligitur 111. 0,Ιο uris 001017
11011111 011 i. 18‚8; 111107. ligur 00. 1. 0, 0. 8. 1. 000. 111 1011111 subjudice Ρ. 70
nm 10, 00. 011. 1. 0, 02 1111 00111. 100. S. 11. 1110.
1101111111 8. 1. 0, 01 11. 7, 0. 1111111 011. 2, 00. 011111. 2, 100 ,0111111 10 ..
1111111010. 0111111.1111101311..111,11 1111110111..ῗῖ bui? iffi
Ρ1111111 ,10, 10 1111111100.11.’10,111 1111111111 01000. ,0. 01111.
0010110111.1.2,11 10. 0101111182 , 2,11. 1002

 

