’ 311111 0

INDEX. 609

31111 01 11. 1, 07 (1111111111 S. i. 6, 8. 10, 86. 3111111 01 1. 89, 8. 8. 111118
geri Ρ. 188 9131111198 3111111 P. 966
111 0111111919 91111118.1.10,81 graviore 011110, 10
1111101116, 90. 9310113111 8.1.7,89;11.8,100 311110111117. 93110.
1337 911119.10,19 196. 8.1.1,1; 11181.
311111119ρ.16,16 (inim (11111188 119. 9311.118,6.11,96.
3111111 1131111979 911111 0111119. 91111, 18,6;111,89
Geryonem 0111. 11,8 11913919. P. 3111111118.1.10,61. 9311. 11.
31111111011.6,1 9111111111 0111.8,1 1, 69. Ρ.999
31111 S. ii. 6, 19 31111111 01 111. 1, 89. 7,1 3111111 8. 1. 9, 69. 9, 91
311111111118.11.8,87 3111111101 11. 8, 63 111.7,3 01187,9;111.19,9.99,
31111111 Ρ.78 96, 11. 19, 9. 931191. Ρ. 9. 931. 16, 87. 8.1.8,110.
3111111 01 1. 86,19 169 931111, 16
gesture 8.11. 1911 31111111 0111180 gregem 11 .10, 61
3111119 1117311961 31111111611191.1.19,10 311 0 .11. 16 88· 1111 6.
1111111111 gamno} 111 p. 1, 11 ' ' ’
31111111 01111161 3111111181168 31131 od. i. 91, 18
gestiet 8. 11, 87 3111111 0111111. 1113 111. 311 11 01111. 18, 8. Epi. i. 9,
31111101111.16,91 90, 7. 8. iil, 19. 998 li
311111 01111111. 9311.1.311111118.11.9,96. Ρ.80 3111 931. 10, 60. 8.11. 8,11.
2135 311111 931.18,11. 8.1. 1603 93111. 8, 19
311111 93111. 1, 773 11. 1, 176. 111116 aruph· 0111. 16, 7
Ρ.169 grandia 011. 0,9. 9311.11.9,0111311191.119,99
‘Geioe 01111. 91, 113 11. 16, 88179. Ρ.97 Grosphus 111998
22 grandine 01111199 311111 Bp. ,86
3131111111 0111111 grandini· 01199 31111 8. 11. 8, 87
3131111111 01111999 grundis 1111 E i. 1.7,19 3111811910. 93111167
311111013188 311111 9311111 31111 8.11. 73111
1811.1.1”··11.1..,.. &iiiiii 11111118..
gladio 8.11. ,976 guin 01 i. 1,1. 16,11. loa. 31111111 8. 11. 6, 89
3111611Ιί 1 8.11.1,10 81, 6. 8911. 88113 11111, 311111 8.1.6,14
1111111111 .1.8, 100 6; 11. 9, 99. 8,1. 11, 98. 311111 ‚m
innuen 8. 1. 7, 17 C. 8. 98. 93111111. 1198. 3111111 p. 17, 79
311611 01 iii. 6, 89. 9311111, 17, 6. 90, 8. Ρ.98 1111 8. 1. 6, 118
89 min 01 11191183 11.0,91 3311 0111116
glebis 9311167 , 31111111 01111199 G
311111111111 li 11. 18, 11 311111 Ρ. 871
gioria 011.1111;ω11,1;31111 111. 9, 910 3
811983 ii. 1179. 93111. 311111 1111111163 11. 7,
1111111177 111188. 93111. 189.
3111111619 ,11,98 10. 6, 19. 11111. Ρ. ,

yffi 1111111. 11, 11, m.
ὅ 52⁹0 111. 111
1

150..ae ο . i. 11, 1. 11, 1111111111. 11, ..⁴33 H'
aaeffimnwa 11
01311111 93111 1, 80 31111111113111 Ep.1,2⁴i nimum· 8.111,86

11111118.11.8,910 3111111 01116, .8.11.9,91.1116ωο 8.1.8,86
zunta 8. 11. 8, 916 93111. 1116 1116111 8. i. 1, min
11 1111131191 3111111111 8.1.6,89 11161118.1.1,71. 6,91. Epi.
1111181197 31161111119311.11.9,110 immin
311111 8.11.9,116. 6,98 graio 01 1. 6, 83 iii. 11, 98. 1111111111 8.1.8,69
311111 8.11. 1908 Epi. ii. 9,16, 198 iubebat 8. i. 8, 8.11. 7,1
311111 8. ii. 6, 81 graium 011. 8113 iii. 8, 17. iubebit 01111911
311111119311.1.1,91 931.9,8.8.11.6,18 11611111011116,9. 8.11.
3111111191.1.18,90 311111011.9,99.10,90.19, 1909
111 13111110 893 111, 9, 1. 8. 11.9,119.1111111ο 9 i. 1119
1111161 1131111 011811 9311111989 habebunt 311.11.9,111.Ρ.69
11116111 0111190 311111 Epi. 1131, 961 111611111811117
Gnidon 01111 91118 31111111 01 11. 11, 97 11161119 1.1.16,19
(111111101116,17 31111 Oti. 1. 9, 63 111. 98, &inbono pi. ii. 9, 16
9111111119311.11.9,89 iv. 1196. 11, 11. 8.11.8,1. bibendi 111111 93111186
3111111 8. i. 6, 09 Epi. 11. 1, 168. Ρ.60 hibent 01 19119
31111111 01 1. 6,1 gruem 01 i. 6, 6. 18, 63 ii. 6, habentem 9311. 11. 9, 69
gradu 01 186, 9. 8.1. 6,10 6. S. i. 1, 283 11. 1, 98. Ρ. habento 8.11. 1, 9η
:2210‘11·.¹:1.z¹i:³³........131. 311 1. 1, 11. 1. 1. 11, 11111181111119111131011,
9199619811 163 11. 1, 8; 111. 8, 803 11. 168. 9189
311111111911 ¹ 11898. 9311196. 8.19,1111111118.1.9,16 ..
’1311119111ῗῖ131111111ω ,11111181 11,11; 11.11111118111111511111111,
01161118711906. 9311. i. 1, ἕο,.8311131ὁ9,371111617.11,9. 1¹13: 933141134116. immo,
ν 1 ⁶¹· 1 . · · ·
1111101111111117. Ρ. 68 3111111111 od. 111. 6, 1. P. 11 1111111 01191173 11.18,18.

 

