INDEX. 838

111. 1, 14. 308, 11. 6, 8. 14, 4414, verb, Ρ.88 mannos 04111317
14. 11040144. 0104414041. 14,10. 34.18,444141441341.11.1,160
11. 3, 318, 336. 341. 1. 10, 18. 810103. 080. 4, mananti 01087
· 4111031014. Ρ. 311, 138, 11. 3, 308. 341.11.1,44411448.1.6,106
366 183 mann 04. 1. 3018, 11. 13, 6.
144414 8. 1. 3, 13), 11. 031. 0141484044 041118 13, 3, 1111044. 34. 3, 1.
114111131134 1114144 34011. 01177 010164. 34111133.
144414 04. 11. 3, 33. S. 18, malthinus S. 1038 Ρ.360
301085. 1141111318 malam salubres 04. 1. 31, 16. manum 34. 3, 31. 4, 10. 8. 11.
mn‘ 144 8. ii. 3, 37. 3, 310, 34. 088 7, 44
. 06 maluit 8103 manna 04. 111. 3, 6. 3017, 11.
41141418.11.7,8.8,38. 341. 441441 341117. 1017. 8.1. 11,0.3.10,13. 104. 8.1.
1.30,31,11.1,106 3,8063,11.1,404,18 0141. ,348
1:11151’11 4 a ιο 1111111)Ε 1110111 n 4 31111111· 1116435110
&phalas ' ' ' 1. 4111. 10111411 11’.1,44’11.’1,’14.’4’.4ζ
444411311010. 1038 4,43. 341.1.16,34,11.1, 8. 8.14,73. 034
mannum 4111011018. 134 1111 44 8. 11. 063. 34118,
011161 411411444144411144 04114, 0 ..
44100101110411110.1,... 8331411111 n
(18113. s'.i. 3, 84, 11.3,814441141444184 01037 4114444144 011088
177. 087. 341. 13, 80. 4, manabit 0411118 mara 04. 1. 1, 14. 3,10. 6, 7.
01001140108 4444111 0411. 0, 3. 3416, 118. 13,18.14,1. 1010.
44114441441444 S. 1. 3, 36, 11. 47 36, 3 38, 3, 11. 1, 34. 0, 3.
186. 043. 043. 018. Ρ. manantibus 34. 037 103 1 ,17, 111. 136. 4,
483 444414 34111044 48. 47.
4411 114444 04. 1. 3, 38. 1044114141 81011 0.1,1 3 ,
108 16, 17,30. 8.
. 30Ώὰ103

44634. 10, 1. 811070445441348814104. 0110 §.l l
1 · · ¹ 1 ’
ω4ι1οηῑ411144.11.14,11 nm 1444. s. 11.1,44 1,41. .’ , ,
4114 multa 04111. 6, 8. 103. mancipat 3 1. 11. 3, 180 84. 7, 11. 11, 16. 1016. 18,
8. 1. 3, 68, 03. 3, 7. 4, 30. 44441404 41. 1030 18, 11. 1, 303. Ρ. 348
068, 11. 1, 1. 3, 303, 367. mancupium .11. 7, 3 marem vitellum 011114
4, 40. 8, 74. 341. 1. 1, 43. mannum E 1. 113, 31 8141441144 0413114
1038, 11.1,310. 0100137. mandabo 411100 marea 04. i. 31, 10. 38, 14.
Ρ. 483 mandata 8. 1. 6, 30 Ρ. 402
4411144 obliviscitur 34. 3, mandata 34111010. Ρ. 104 4411041.16,4,118,30,111
37 8114441131.118,108 30, 61. Ε.8,70. 0, 3133.
4114144444 34. 07 4444441411).177 108. (18. 83. 8. 11. 063,
441444444041113184 1114440411.8,30. 8. 1. 3, 3111038
4414 04. 1. 0, 34. 17,38; 11. 100130, 113, 330, 3804111 1113411164
10, 17, 11114, 11 , 11. 014. Μ. 3 Ι. 1. 6, 30, 88. 7, 04, Mariam litoribna 04. iii. 17 , 7
107. 11.13, 16. 8. 1. 3, 6078. 08, 11.1,104 14111448.11.8,83
3031404114, 100. 0, 41404118, 041117, 33 marinna 041013, 111308,
68, 11103031. 3, 8. 3, 4444441 0413033 11. 06. 11, 18
3170137. 4, 31. 8,48,107.1444484 3414503371 4441400141.) fig. 3418
.. , 14 . ,2

3036, ian, ⁴
4406 83. 13,

ἶ n
111,
4 .

6, 73, 87. 8, 00. 341. 1. 3, manemus
31. 7, 40. 17, 10. 10, 3. 30, manent 04. 111. 11, 30. 3417, 44114 04. 1. 016. 38, 3, 11.
10111333. Ρ.104,441 63. 3411111611 6,7.1030,11.8,10. nii.
maledicit 8110140 manentem 04. 1113083 018. 341106. 11036
maledicunt 8. 11. 8, 37 44441164 Ρ. 184 4111143 .8,18. (8830
1441134117. 8. 1. 3, 70. 0 811444 fabulae 041110. 8. 4411141 4. 3, 10
14 1030. 341111188 mariti 04. 1. 117, 111. 036.
111111 materiam 04. 1113040 44441,44444,04111.11,10. 341111133
411144434111.1,300 341. 1. 1010. 17, 80 44111143 11180. Ρ.308
44114411 818, 4 44441,4441144,041.1,38.13, 4141114 04 111. 6, 30. 11, 13,
malignum 04111030 6. 3018, 1110313 ,13, 37. 14, 8. 8. ni. 3, 316. 7,
malignus 0413033 10. 1013. 16, 41. 10 36. 61 ..
1111114 4114414 ridentem 8. 11. 3, 34113017 41411144 0411034
72 mangonum 34111013 maritum 0411016
41114 4411444114 0411018. 44111841, 4 44444, 04111. 38, maritus 0411106
311016. 01080113, 16, 81001168,11081411440110377
118 383. 4, 70. 8, 07. 341116, marmor 341. 1. 017, 11. 3,
41111,1.1.444148.11.4,73 33. 1034. 3011, 11183, 180 .. ¹
4111141118, 0411134, 88. 8. 101 4114414 0411. 1017, 11. 8,
1. 0118. 10, 80, 3078 41441414 341. 11076 13
malit 04. 14, 13. 8. 11. 4, 61 manifestum 811046 marmore 041106
441144 0118011070. 341. Manium 1144144 34004 marmoream 04. 11.1,30
ii. 1, 380 Manlio consule 04111. 31, 1 marmoreum 34111073
4141144 Ρ. 443 mannia 34. 4, 14. 341. 1. 7, 4411114114 341 11.1,06
11411418.1.6,10; 11113 77 1441441444 1141144

 

