474 INDEX.

111111 1ἒ1111 01111ῗᾷ62 wffiint sspl. 1. 17, 66, 1.,1,11ὡ1ῧ10101ᾱ11ἰξί4ἓὲ14
111111 .1. , . . ,
acervo ,1111115 11. 1111111111 06.1.16,7;-1οο116616161111Ρ.227
166. 11 1.11.2,100 111. 4, 6.-1111 111. 17, 61 5- 16111611 06116, 62
1111111 6. 11. 2, 24. 8116, 6311111.4,76.-111111[1.17,1661101ὲ137ιῇ221ὲὶιέ
22 · 11. , . . .i.
megan 1. 1. 1111. 11111, amp 34 ξ. 11⁴ Qu ii. ι’, 11111, 111
111111 ,1. , . .
1111111 8. 1. 1, 44. 811112, 47 11111 06. 1. 0, 4. 6616. 8.11. 16111111 11 Ι.11.2,46
1111111 1111 1. 2, 64 11166. 8111. 1. 6, 28. 10, 46 adjecisse 6111 6,11
11111 8.11.2,62 1111111 8. 11 6166. 1111111111 1112178
meto 8111 '2³23 66181240. 8, 1οῇ w· P· mm fldJeofiss (gd-inoffi,
40 1111111, 161. 8.1 1126. 8, 41 1611111111 06.11.7,17
wehtam 8(.)(111.6,ἑ17ι 1613118111 pene gemelli 1391. 1. 161111111ιὸ811.81ὲὶ1,776. lm
Ae 1111 11. , , Δ 'mat ,11. ,
4161111 061. 16,66 16111111 Ρ. 126 1611111 06111. 22,6. s, 11. 6,
1161111111 06. 11. 12, 21 161111111111811.112.18 288
Aula-eni· 11161 111111 16 11911111111111111 Ρ.204 16111111 06116, 6. Ρ. 176
6116111111111 1111111 06. 111 161121811ἓ111611111111μιι 06 ἓ111ξ.114,ἓῗ. 11111. 17,66
,44 1. , lte ,1. ,
1111111111 06. 1. 6, 66; 1116, 16111111111 06. 16, 16 ndito 8. 11. 6, ae
16 adunantium 06111216 additum 06.11.10,16
1161111111 06111614 166161 Epi. 1.2,67 1611111 061161
6161111 8116, 106 166111 8.1.1,121;11.6,46 161111 811166
6111411Ιὸ1 061. 16, 64 1111ιὲιέ11ιῇ mwaeffl :gjudiont {ph 1⁸1³?
1 111 .i., ‘unre.1i.,
4161111111 0611. 4,4 16, 20. 1661 06111. 8,17.8.1. 1,74. 1611161111 811146
8.17, 12. Ρ. m 2. 86, 11. 2, 66. 6, 60, 7611111111 8.116,76
1161111106 11. 6,4. 1191. ii. 276, 621. 4, 01. 160, 78,1611111111111116,1
142 111. 8, 71. 81111 6, 64. 18, 16111111 8.1. 4, w
Achivi sspt. 1. 2, 14 62 16111111 M
61111111 0611. 6, 18. 6116, 166οΜ 861· 31233 1611641111 od. 1· Ἀθ
104. 111111. 1,66 166111 061. 16, 16. 691. 1. admittes 111111. 16, 66
Achiva 06111 1127 ἑὲὥ. 11142, 11. ml . 2, 3311ιὲ11 8ἑ11ἒῚ2ὲξ
1116118.11.2,44 uit ,1. ,
1116111 1113!- 11. 2, 64 16611 8. 11. 4, 68 1611111111 Epl. 1. 20, 10
teies 06111. 4, 26. 8.11.2,6 16611111 8. 116, 100 admoves 06. 111. 21, 16
11111111 06. 1. 27,6 addietum E ,17, 11 admovit E 1111, 161
11111118.11.6,86 ’16611111 111111. 1,14 1661111111 6. 1. 0, 64
teipsum 8. 11. 2, 47 166161106. 1111, 66. Ρ. 214 1611111 1111. 1. 6, 66
’011111ο ¹1⁰ 1111 161111161Ιὲ 1 111 o 1111661181 11
1111.1., , ι .ι., ·ιι., . ,11.,
am· Ep. 1, 11. 11, 11. 11. 11. spu. i. 1111. 'adonium 11111111
8, 68. 7. 21,· 11. 7, 06. 8, 66 additis, 1116. 06. 111. 6, 26 16111161 06 111. 6, 66
111111 06120, 2. 8.1.2,42 16611111 06. 110, 21. 10, 1616111 8.116,16
ucri 06. 1. 12.1; 1112, 2. 8.1 1111810 16111 Ep. 1, 21. 8. 1. 6,117.
10,14; 11 4, 60 1661111 061114, 78 Epl. 1. 17,,67
11111 8.11. 6, 60. 8, 7 1661111 E 116, 18 161111 Epi. 111116
uerior 0616616, iii. 5, 26. 166161111111.4,121 adstrictum 06. 111. 610 .
Ep. 7, 16. 8. i. 6, 126 adducere Ep. 14, 8 161111 Ρ. 101
111101 1. 4, 1. 8. 1. 1166, 1661111811.17,0 16111111 Bp. 2, 66
11. 7, 47 adductum 1111. 16, 11 adveniens 8. 11. 2, 01
4111111111 06111166 1661111111 8.11. 8,Ώ . 1611111 816, 61
1111111611.1.18,18 16611111061112, 16 161111111 Ep. 2, 44
1111111 06. 1. 6, 18 1611111116. 17,44 1611111 11111110
torius 8. 1. 2,]6, 116,ολ 16111111 06.110,10. Ρ. 64 111111111111
1111111 .1‘. 170 · 16111111 06114, 16 adversarius 8.1. 0, 76. 811. 1.
101ae [11111111 06. 1. 668 adeo 8.1. 1, 16. 7, 7. 111111. 18,86
λοϋιῖοιέροτῇιιξ. (11³ ιὰ16οὸ111 l, 54 s* ὅ adversi! ἓ 1. 11063 mm
..111 11111 11111. mm 11111116· ”’ ’.111111111ῃά 111Μ
11111111, 111ιέ9111 P. 166 16111ὶο6ῂ11ὣ21,Ἂ 16ἒ1ῗ1118ἐ62. 8. 17,11.
111 . es 1. , p.1. ,
111111 ,116166 1 111 ,11. , 1 1111111811.
8’“ 61 06’”’2066 6 ” ”28³

1111161766. 06111 7, 6.161111Ρ.264 161111 0611128. xpm

Bp. 1611111 8. 11. 6, 66 1611111 8. 1. 6, 106
actus-ora 611111 Ρ. 126. 164 16111 061. 16, 93 1111111611· 06 111. 6, 26
111111 06111116 8. 11. 2, 28. 6, 16 adularetur Ep. 14162
11111 lingum 11111111 161111 811666 16111111 06110 16
nouisse 06. 1. 2, 21 161111 Ep. 6,6 adulteris 06111164
1111106.111,20,10 adherens 1111116 16111111 061. 66, 0. 66101
1111111 11111. 1. 12, 20. HM 1661111811. 2,66 11124, 2)

 

