’ 10111111 01111 8, 48. 11111. imminente 10111 011. 4,8 imperor 8111 1. 8, 21

ΙΝΒΕΧ. 518

1111011118.111,77 imbrium 0111121111 1100110011 118, 124. 81111.
11111111 11111111 ,1,28 imbuerit P. 881 mo
illigetur: 011. ,28 1111111100.1.18,10 1010000001101828. Epi.
1111111101ηο 11 .8, 11 1010111101 E .1. 2, 08 11188
1111018118, 12 imbuti 111111 ,8 1001101100.111.28,11
illinere 8. 1. o. 81 1111110100 ii .o,6o imo 00. 188, 2; iii. 11, 27.
illinet oireergrir Ε Ι. 1. 7,Ιο imbutor 111101, 7 Ep. ll, 10,-’1111010 10 100-
111110101188. 8, 181 ιιι. 11111 111111 00111111 S. ii. 8, 40. 1110018.11.8,808.-1111010
11, 42. 811. 8, 0. 811,Ι 111111 18, 10 11100111 81111184
20, 87. 2, 11, 88. 11211188. 1011 et 10 11 00. 1. 10, 20. imos 01111. 118. 8.18,11.
8,2; 1118180. 8, 88. 4, 811. 14, ,10,28 1111111. 10
80. 8, 71. 8,04. Epi. i. 11, imitaberis Ι.11.2,8. 1010011118. 8.18,10;
10111111 1011111018 ,118, 17 11. 8, 248. 81111180
.11111111111811.8,17 1011001110 2,04. Ρ.88 imperor 10111111 011. 81101
11111110 00. 118, 14 1011111101 8.110.11 111. 18,18
1111110111. 18,18. 8.18,1111111118.1.4,21 impribus 1111. 11, 18. 8.11.
14· 11.2,72. 8, 27. 8, 2810111111 011. 8, 42. 118, ,80
11111111110111111111Ι eoo impariter ras
111111 8. i. 10, 87 1011111 8. 11. 8, 180. Epi. ii. imperiii 011. 18,28
1110 01111118. 8.18,77; 1207 imperitum 0111118
ii. l, 18. 8, 281, 811 imitator P. 184 impediet 8.1. 10, 10
illorum S. i. 8, 141. 4, 88 imitatorem Ρ. 818 1011101118.10,21
1110181180 1011110111 111111. 10, 10 impedire 01118
111011 lontio 811184 1101111111 0111. 2, 81 1011111118.1.8,08
1110101 10111001 8. 11. 8, 82 immone 00. 1. 27, 0. 8. 114,Ὶο impellit 1011111 Ρ. 100
1111100111. 11, 8. 8. i. 1. 108. 1001111101 01 111148 impellent 0111. 12.2
2, 28. 8, 881 11.8,11. Epi. 1. 10011011 01111118 impensi· 11111. i. 18, 88
18,11 1111111011 01111. 11, 18 impenso S. ii. 8, 248
11100 8. 1. 2, 44, 00. 4, 04, 77, 1001111111 8. 11. 8, 88 1111111111 0οξ 111. 118
· 80 ; ii. 2,84. 8, 1811, 212. 8, immemor ooo‘rgir 011. 128. 10111111 11111101. 10,41
we B 11 ii· l, ω, m, m ¹⁶0 w} ii· 8189 ἰωΡθῙθ8 0181581 811111,οι
illudere ,11802 1001001111 Epi· 1. 18, 88 1011111011.2,20;11.18,14
illudit 111. 8, 81 1011010110 8. i. 1,41 im 11111011111. 14, 411.
111100811188 . immemor 0111. 2,7 811. 7, 78. 1111111148
illem 011. 1, 8. 12. 28; 112, immerenter E .o,1 imperio 01187, 85 1114, 48.
1. 18,8; 111. 2, 0. 8,881 11. 1001110111 0111. 18, 12. 811. 8, 4. 10. 81
8, 8. 8.1. 1, 118. 8, 47. 7, , 1.18 1011111011Ρο101111018.111110
28. 8, 01; 112, 128, 181. 6, immeritem 01111, 28 1011001111 011. 118
“ 12. 1111112, 81 immeritis 011. mete, 111.2,101111·10101111118.111,88
111011 8. 117, 108 21 imperitare 011. 1128
111011111 0111. 110 immeritor 8. 11. 8, 211 impetitorem 8. 10,4
illustrem 8. 11117 immeritum 11 11. 14, 18 imperiur 8.11. 1, 81
11101018,11.8,28 ’ immeritor 01111111. 1.11.111110118.1.1,181 ..
ΙΙΙ 111111 01128, Ὦ. 8112. 8.7 10 11100011811011111, ’
8. 1. 8,8· 114, 87 1001111001111111.1.2,22 i. 81188. 111111. 8, 8.
1100111111. 1110111000 0111111, ro 011
4, 87 imminent 00. 111228 1011110011 01111127

⁰ imo 10010010100.1.112,88 10111111 eruditior 11111. 1. 108
1118110111.1111”’7“ 11111211. 1118 ' ¹⁰ {ttttsstbtrtbilro
1013100018.18,11 imminuit 01111011 impetu 01111.Ι 14,ss 6 .
”’·’11,”411””11111111’8’ω’101111111111’01111111 ””1ἰ”1”1’1. ’11111111 ’ ’θ’
imbecilla 11111 S. 11. 2, 80 10101111 1110011111 coeant P. ,12 rmpexe porrrgme 11111110
imbeoillm 8. 11. 7, 88 1001111 00. 1. 88, 21 ii. 8, 10 im 111 01111, 80. 18, 22 · 111.
1001110..11111111.11,11 111.... scre, 11 ,11. 011110. 100. 111.
imbellem 00. 11. 4, 81 1000001101 111. 8, 80 11228
imbelli 011. 18, 18 immodiorr·¹ 011. 18,10 impiae 011. mm, ii. 8, 195
imbellis lyrae 0110, 10; 111. 1000001111 Ρ. 208 11111, 8⁰3 118, 11
2,18. Ep. 110 1010011811011111.10,28 101111οΕ1. 10, 14
imber 0111180, 8. 8111. i. 14, immolare 00. 1. 4, 11 im 1111 orodes 00. 111. 24, 28.
28 10001110 agno 01 11. ll, 1 811. 8, 84

imberbi Εε1.111,88 immolet 8. 11. 8, 104 1οΣ11111 00. 111. 10, 2ος 11. 8,

imberbos ,101 100011101110011111111.1.7,88 .8,80. 1122. 1111111,

imbre euperem 11111. 1. 11, 11 1111001101 8. 11. 4, 01 48. Ρ. 121

imbrem 8.112,118 1000111111 0111.7,1 impinguo 11111. i. 18,8

imbreo 00. 1. 1, 101 ii. 8111010011οἰ1 P. 404 impio 0111017, 22; 0,4, 40
11. 2, 8. Ε . 2, 80. 18,1. 10011001 1111111. 2, 188. Ρ. impios 00. 111. 142. 27,1
01111111. 11,88 241 ⁸ impium 011210

1011118.1.8,08 immundis 811102 10111101ου0 01111110

imbribus 81110, 804 immundo ’8. 1. 8, 81 implent 8. 11. 4, 80

11 *

 

