INDEX. 007

1011101011.. ..110 ⁰‘L³⁵·¹'¹⁹·¹⁴'¹³ ³¹· 11011111. ι» 1..
· · 1 2 · 1 · v ⁶ · 1 ⁸
.1.1,0.1,14. 1101111, 1031 04.11.11,18;11.8,11 1113011111Ρ1.11.1,1 ·
11. 10, 0. 17, 01 . 103111 041119. 11, 17. 1101. 1013011 0411. 10, 12
110041 0111111, 11; 11. 1,10. ι. 0, D. 7,18 10101101 04.1. 1, 40. 1100
Ε .1. 18,04; 111, 110 111311 1111011111 .11.1,111 1110111111104.1111.0
110 11111 ..11011 10 1110411111, .110111.1,10111111 011. 111 4, 44, 74
1100411 0 . 181, 19; 111. 18, 81. Ρ. 414 10101010 04. 11110, 11
14 fug-ti· 11118111 0411410 1011111011 04.11.4,1
1100410111 04.1.18,11. 1101. 1. 1113110 8. 1. 1, 11 10111 8.1.2,88
14, 28 10311 04.11.1,Ι1.0, 11 fultum 81. 1,48
1101411 04. 11. 4,08 suge 04. 1. 0, 11, 11111. 8. fultura 8. 11. 1, 104
11011 01111. 11, 4. 8. 1. 0, 00 1. 4, 14. 1011. 10,11. 10, 1. sulm Od. 11.4,14
110111 04. 1. 11, 0 ; ii. 0,10; 103811 801. 111, 100 Fulvi 8.11.7,00’
101, 07. Ep. 11, 0. 8.18,103111.11111.1101.1.1.41 10111101.11.1.00.110.0,0
11. Ep!- i. 7,10 10311111 8.1.4, 100 10111111 8.11.7,101
11011111 04.111.19,10. 101, 1131111 Ε 1.11.1,100 1011111 0111111118
4. 810,οΙ 10311111) .1.7,11 11110 04. 1110, 4. 8. i.5‚o⁰;
110111 04. 1. 7,7 11 11104.1.11,7; 11. 1, 10. 11. 4, 71. Ρ. 141
1101111101 8. i. 1, 101 .1.4,100; 11.0,10. 0, 40 1011011 8. 111, 117
11011118.11.1,110.8,84. 801. 1031 101. 11040 1011011 04111. 8, 11. 10, 11,
i. 9, 11 1131111 1.1.1,71. 8,11 11;11.11, 11. Ep. 10,19.
1101110004.1.1,Ὧ fugienda .1.1,70.1,114· . Ρ.141
11011 13 1.1.1,71 1031104011 811, 111 1001111 04111107
1101111 1101. 111, 108 10 ” , 04111. 17, 41. 19, 48. 1000101 04.11.10,10
11010001 11011. 18,1 “ .1. 1, 41. 1,10. 8011. 1101101011 04.11.18,18
1100101 81. 2⁷⁰ 40. 1111 1000111 04.11.9,11. m
fruendi 1101. 14, 7 fugient 04117, 19 11114101 8. 1.10,41; 118, 19
frueris EleM 10 1111104.11.8,11; imm. 11104111 ΕΡΙ. 1. 10, 40
1113111111 8.1.4,107 011107 10141 04. 11. 7 ,11
11031 110101 04. 11111, 4. 801. 10 ’00111 04. 111. 12, 9. 8.1. 1, 11104111 04.1.1Ι,1
1. 10, 10 118 fundet 801. 11. 1, 121

1 11 04.111.1.1,10; 1011111301οι 81108. 1, 110 10041 10111 jugera 11 . 4, 11.
0,0.1101.1.1,17.11.18 1031101011 04.111.18,1 8110101. 80111001 .
11001 8. 1. 8, 49; 11. 0, 77, 81. 111 11 04.1.10,01; 111.11,1.1111010.11,11

‚w ,11040 Ρ.107 pl. 1. 10, 10 11111100111010
fragiba l. 111, m. Pm 1113101018.118,90 1111110101.111.11,11
110311 E Ι. i. 11100 P. 141 11310 8. mm 801401 8. 1. 0, 14
1103010 .11. 0, 10. c. 8. w 111311 Ep. 11, 10. 8.1. 1, 80 1004010 8. 1. 1, 00
1111 04. 1,01, 17 10311111 8. 1. 0, 08 1110401 Ο4.1.11,44;111.1,10.
1101101 04.1.0,0 103110 81110 8.110,11. 1101. 1. 2, 41. 10,
1100111111 E Ι. 110, 71; 11.1,1031104.1.11,Ι1.18,81; 11. 1. 17, 47

110110 11,0. 10,10; 111 1, 10. 7, sune 8.11.7,10
11111108.1.1,41;11.1,11, 18;11.11,Ι7. 80.8,14.0,101101181.1. 11149
111.001.1.0,11.7,10.10, 01. 9, 8. 17, 11. 811081001οῐ11 0. 0, 18
14 0, 71. 001. 11. 1, 70,77 100110 04110, 48. 1101. 11. 1,
110111 811 080 10 ’11111 8. 11. 0, 10. 7, 111. 110. Ρ.401
1101111041.11,11; ii. lm, 011. 10, 10 101111 04. 1. 8. 10. 11. 10. 18,
10;111.7,11. 11,0. 11.17,103110111.1.18,09 10· 101149. 8. 1. 0, 41.
71. 8. 1. 10, 40 ; 11. 1, ,08 1101001 04112,Ξο 1101. 111, 1101111111..
1,7. 7,111. 110117, 01. Ρ. 90. Ρ. 400 funeratus 04. 111. 8, 7
141, 440 101 Ep. 11, 8 funere 04. 11. 10, 11. Ρ. 411
{mtrem 811. 111 1011111118.1.0,111 funeri 04111114
11000110 0411111, 10 1111111 8. 11. 1,017. 1101. 1. 1, funeribus 00111, 4 ·
1111101 8011, 11 ῦς 11 1, w 1001110 1101. 1. 8,10
10111 8.1. 1,81 fuit 04.111.11,14. 10,10. m, 101311 vice 00111 Ρ. 104
1000 04. iiim 48; 10101. Ε 7,11. 8.1. 10031000111 1101. 1. 110
101010 E Ι. 1. 10, 27 1, 0, 18, 40, 1011 4, 0. 0, 0, 10131101111011001 8.114,10
10411 Egi} 111, 140. Ρ.101 11, 71, 80. 7, 11. 10 011 11. 10131101 8.1ι’.0, 109
101111 ,11, 10 1,178. 11011110 0,04;111010410411400011
0001011110 um 11. 1, 101, 111, 111. 0111. funis 01111101οη
1111111111. ms. 1004· Ρ. 10, ⁸oe 10101 04. ι.17,8; 11. 18. 18.
1111011110 ’1113011 1,...111 00111111, 1110111.
10110 8. 1. 11,οθ 101311104.11.11,8;111.0,40 l ..
1011011 8. 1. 0, 41 1113111 0411101 111 8. 11, 100. 4,1. 8,19; 11.
10114101 8.1. 1, 11 10131011 0. 801. 8.1.0,11 1,11
170001 8.11. 100 1013101111 04111. 10, 11 1 10101 8011. 10, 14
10 04111110. B .10,ω.·101 1111104.11.11.,11;111.18,1010111 ,11. 7,00
1111110. ι. 111, 11 cmiter 11110
14. Ρ. 01 1013011111 04. 1. 7, 19 furem E 11. 10, 10
ἡ n οἀ1111120141 811117, fulge· 011117. u‚⁶ summ 03· i· ¹⁸1 η’ ΕΡ· ι71
111 11131104.111.1,18 81 .

1
ο

 

